0.000000e+00	1.413940e-17
2.004008e+01	2.713991e-20
4.008016e+01	1.194303e-20
6.012024e+01	7.209108e-21
8.016032e+01	5.042096e-21
1.002004e+02	3.763273e-21
1.202405e+02	2.983553e-21
1.402806e+02	2.450075e-21
1.603206e+02	2.065071e-21
1.803607e+02	1.791356e-21
2.004008e+02	1.560785e-21
2.204409e+02	1.371455e-21
2.404810e+02	1.238069e-21
2.605210e+02	1.105804e-21
2.805611e+02	1.015578e-21
3.006012e+02	9.253512e-22
3.206413e+02	8.510131e-22
3.406814e+02	7.907081e-22
3.607214e+02	7.304032e-22
3.807615e+02	6.807851e-22
4.008016e+02	6.403811e-22
4.208417e+02	5.999772e-22
4.408818e+02	5.601469e-22
4.609218e+02	5.327809e-22
4.809619e+02	5.054149e-22
5.010020e+02	4.780490e-22
5.210421e+02	4.511453e-22
5.410822e+02	4.326695e-22
5.611222e+02	4.141938e-22
5.811623e+02	3.957180e-22
6.012024e+02	3.772423e-22
6.212425e+02	3.591476e-22
6.412826e+02	3.468190e-22
6.613226e+02	3.344903e-22
6.813627e+02	3.221617e-22
7.014028e+02	3.098330e-22
7.214429e+02	2.975043e-22
7.414830e+02	2.854776e-22
7.615230e+02	2.772285e-22
7.815631e+02	2.689794e-22
8.016032e+02	2.607304e-22
8.216433e+02	2.524813e-22
8.416834e+02	2.442322e-22
8.617234e+02	2.359832e-22
8.817635e+02	2.279464e-22
9.018036e+02	2.221101e-22
9.218437e+02	2.162737e-22
9.418838e+02	2.104374e-22
9.619238e+02	2.046010e-22
9.819639e+02	1.987647e-22
1.002004e+03	1.931031e-22
1.022044e+03	1.890138e-22
1.042084e+03	1.849245e-22
1.062124e+03	1.808352e-22
1.082164e+03	1.767460e-22
1.102204e+03	1.726567e-22
1.122244e+03	1.685674e-22
1.142285e+03	1.644781e-22
1.162325e+03	1.603888e-22
1.182365e+03	1.562996e-22
1.202405e+03	1.523677e-22
1.222445e+03	1.495900e-22
1.242485e+03	1.468124e-22
1.262525e+03	1.440347e-22
1.282565e+03	1.412571e-22
1.302605e+03	1.384794e-22
1.322645e+03	1.357017e-22
1.342685e+03	1.329241e-22
1.362725e+03	1.301464e-22
1.382766e+03	1.273688e-22
1.402806e+03	1.247006e-22
1.422846e+03	1.227051e-22
1.442886e+03	1.207096e-22
1.462926e+03	1.187142e-22
1.482966e+03	1.167187e-22
1.503006e+03	1.147232e-22
1.523046e+03	1.127277e-22
1.543086e+03	1.107322e-22
1.563126e+03	1.087367e-22
1.583166e+03	1.067412e-22
1.603206e+03	1.048402e-22
1.623246e+03	1.034349e-22
1.643287e+03	1.020297e-22
1.663327e+03	1.006245e-22
1.683367e+03	9.921921e-23
1.703407e+03	9.781398e-23
1.723447e+03	9.640874e-23
1.743487e+03	9.500350e-23
1.763527e+03	9.359826e-23
1.783567e+03	9.219303e-23
1.803607e+03	9.078779e-23
1.823647e+03	8.938255e-23
1.843687e+03	8.797732e-23
1.863727e+03	8.657208e-23
1.883768e+03	8.516684e-23
1.903808e+03	8.383339e-23
1.923848e+03	8.280598e-23
1.943888e+03	8.177856e-23
1.963928e+03	8.075115e-23
1.983968e+03	7.972373e-23
2.004008e+03	7.869632e-23
2.024048e+03	7.766890e-23
2.044088e+03	7.664149e-23
2.064128e+03	7.561407e-23
2.084168e+03	7.458666e-23
2.104208e+03	7.362441e-23
2.124248e+03	7.290732e-23
2.144289e+03	7.219022e-23
2.164329e+03	7.147313e-23
2.184369e+03	7.075603e-23
2.204409e+03	7.003894e-23
2.224449e+03	6.932185e-23
2.244489e+03	6.860475e-23
2.264529e+03	6.788766e-23
2.284569e+03	6.717056e-23
2.304609e+03	6.645347e-23
2.324649e+03	6.573637e-23
2.344689e+03	6.501928e-23
2.364729e+03	6.430219e-23
2.384770e+03	6.358509e-23
2.404810e+03	6.286800e-23
2.424850e+03	6.215090e-23
2.444890e+03	6.143381e-23
2.464930e+03	6.071671e-23
2.484970e+03	5.999962e-23
2.505010e+03	5.928253e-23
2.525050e+03	5.856543e-23
2.545090e+03	5.784834e-23
2.565130e+03	5.713124e-23
2.585170e+03	5.641415e-23
2.605210e+03	5.576441e-23
2.625251e+03	5.530638e-23
2.645291e+03	5.484836e-23
2.665331e+03	5.439033e-23
2.685371e+03	5.393230e-23
2.705411e+03	5.347427e-23
2.725451e+03	5.301624e-23
2.745491e+03	5.255822e-23
2.765531e+03	5.210019e-23
2.785571e+03	5.164216e-23
2.805611e+03	5.118413e-23
2.825651e+03	5.072610e-23
2.845691e+03	5.026808e-23
2.865731e+03	4.981005e-23
2.885772e+03	4.935202e-23
2.905812e+03	4.889399e-23
2.925852e+03	4.843596e-23
2.945892e+03	4.797794e-23
2.965932e+03	4.751991e-23
2.985972e+03	4.706188e-23
3.006012e+03	4.660385e-23
3.026052e+03	4.614582e-23
3.046092e+03	4.568780e-23
3.066132e+03	4.522977e-23
3.086172e+03	4.477174e-23
3.106212e+03	4.436107e-23
3.126253e+03	4.405581e-23
3.146293e+03	4.375055e-23
3.166333e+03	4.344529e-23
3.186373e+03	4.314003e-23
3.206413e+03	4.283477e-23
3.226453e+03	4.252951e-23
3.246493e+03	4.222425e-23
3.266533e+03	4.191899e-23
3.286573e+03	4.161372e-23
3.306613e+03	4.130846e-23
3.326653e+03	4.100320e-23
3.346693e+03	4.069794e-23
3.366733e+03	4.039268e-23
3.386774e+03	4.008742e-23
3.406814e+03	3.978216e-23
3.426854e+03	3.947690e-23
3.446894e+03	3.917164e-23
3.466934e+03	3.886638e-23
3.486974e+03	3.856112e-23
3.507014e+03	3.825586e-23
3.527054e+03	3.795060e-23
3.547094e+03	3.764534e-23
3.567134e+03	3.734008e-23
3.587174e+03	3.703482e-23
3.607214e+03	3.672956e-23
3.627255e+03	3.642430e-23
3.647295e+03	3.611904e-23
3.667335e+03	3.581377e-23
3.687375e+03	3.550851e-23
3.707415e+03	3.524071e-23
3.727455e+03	3.503667e-23
3.747495e+03	3.483263e-23
3.767535e+03	3.462859e-23
3.787575e+03	3.442455e-23
3.807615e+03	3.422051e-23
3.827655e+03	3.401647e-23
3.847695e+03	3.381243e-23
3.867735e+03	3.360839e-23
3.887776e+03	3.340435e-23
3.907816e+03	3.320031e-23
3.927856e+03	3.299627e-23
3.947896e+03	3.279223e-23
3.967936e+03	3.258819e-23
3.987976e+03	3.238415e-23
4.008016e+03	3.218011e-23
4.028056e+03	3.197607e-23
4.048096e+03	3.177203e-23
4.068136e+03	3.156799e-23
4.088176e+03	3.136395e-23
4.108216e+03	3.115992e-23
4.128257e+03	3.095588e-23
4.148297e+03	3.075184e-23
4.168337e+03	3.054780e-23
4.188377e+03	3.034376e-23
4.208417e+03	3.013972e-23
4.228457e+03	2.993568e-23
4.248497e+03	2.973164e-23
4.268537e+03	2.952760e-23
4.288577e+03	2.932356e-23
4.308617e+03	2.911952e-23
4.328657e+03	2.891548e-23
4.348697e+03	2.871144e-23
4.368737e+03	2.850740e-23
4.388778e+03	2.830336e-23
4.408818e+03	2.812841e-23
4.428858e+03	2.799047e-23
4.448898e+03	2.785254e-23
4.468938e+03	2.771460e-23
4.488978e+03	2.757666e-23
4.509018e+03	2.743873e-23
4.529058e+03	2.730079e-23
4.549098e+03	2.716286e-23
4.569138e+03	2.702492e-23
4.589178e+03	2.688699e-23
4.609218e+03	2.674905e-23
4.629259e+03	2.661111e-23
4.649299e+03	2.647318e-23
4.669339e+03	2.633524e-23
4.689379e+03	2.619731e-23
4.709419e+03	2.605937e-23
4.729459e+03	2.592143e-23
4.749499e+03	2.578350e-23
4.769539e+03	2.564556e-23
4.789579e+03	2.550763e-23
4.809619e+03	2.536969e-23
4.829659e+03	2.523175e-23
4.849699e+03	2.509382e-23
4.869739e+03	2.495588e-23
4.889780e+03	2.481795e-23
4.909820e+03	2.468001e-23
4.929860e+03	2.454208e-23
4.949900e+03	2.440414e-23
4.969940e+03	2.426620e-23
4.989980e+03	2.412827e-23
5.010020e+03	2.399033e-23
5.030060e+03	2.385240e-23
5.050100e+03	2.371446e-23
5.070140e+03	2.357652e-23
5.090180e+03	2.343859e-23
5.110220e+03	2.330065e-23
5.130261e+03	2.316272e-23
5.150301e+03	2.302478e-23
5.170341e+03	2.288685e-23
5.190381e+03	2.274891e-23
5.210421e+03	2.263435e-23
5.230461e+03	2.254137e-23
5.250501e+03	2.244840e-23
5.270541e+03	2.235542e-23
5.290581e+03	2.226244e-23
5.310621e+03	2.216946e-23
5.330661e+03	2.207648e-23
5.350701e+03	2.198351e-23
5.370741e+03	2.189053e-23
5.390782e+03	2.179755e-23
5.410822e+03	2.170457e-23
5.430862e+03	2.161159e-23
5.450902e+03	2.151862e-23
5.470942e+03	2.142564e-23
5.490982e+03	2.133266e-23
5.511022e+03	2.123968e-23
5.531062e+03	2.114670e-23
5.551102e+03	2.105373e-23
5.571142e+03	2.096075e-23
5.591182e+03	2.086777e-23
5.611222e+03	2.077479e-23
5.631263e+03	2.068181e-23
5.651303e+03	2.058884e-23
5.671343e+03	2.049586e-23
5.691383e+03	2.040288e-23
5.711423e+03	2.030990e-23
5.731463e+03	2.021692e-23
5.751503e+03	2.012395e-23
5.771543e+03	2.003097e-23
5.791583e+03	1.993799e-23
5.811623e+03	1.984501e-23
5.831663e+03	1.975203e-23
5.851703e+03	1.965906e-23
5.871743e+03	1.956608e-23
5.891784e+03	1.947310e-23
5.911824e+03	1.938012e-23
5.931864e+03	1.928715e-23
5.951904e+03	1.919417e-23
5.971944e+03	1.910119e-23
5.991984e+03	1.900821e-23
6.012024e+03	1.891523e-23
6.032064e+03	1.882226e-23
6.052104e+03	1.872928e-23
6.072144e+03	1.863630e-23
6.092184e+03	1.854332e-23
6.112224e+03	1.845034e-23
6.132265e+03	1.835737e-23
6.152305e+03	1.826439e-23
6.172345e+03	1.817141e-23
6.192385e+03	1.807843e-23
6.212425e+03	1.800469e-23
6.232465e+03	1.794273e-23
6.252505e+03	1.788077e-23
6.272545e+03	1.781881e-23
6.292585e+03	1.775685e-23
6.312625e+03	1.769489e-23
6.332665e+03	1.763293e-23
6.352705e+03	1.757097e-23
6.372745e+03	1.750901e-23
6.392786e+03	1.744706e-23
6.412826e+03	1.738510e-23
6.432866e+03	1.732314e-23
6.452906e+03	1.726118e-23
6.472946e+03	1.719922e-23
6.492986e+03	1.713726e-23
6.513026e+03	1.707530e-23
6.533066e+03	1.701334e-23
6.553106e+03	1.695138e-23
6.573146e+03	1.688942e-23
6.593186e+03	1.682747e-23
6.613226e+03	1.676551e-23
6.633267e+03	1.670355e-23
6.653307e+03	1.664159e-23
6.673347e+03	1.657963e-23
6.693387e+03	1.651767e-23
6.713427e+03	1.645571e-23
6.733467e+03	1.639375e-23
6.753507e+03	1.633179e-23
6.773547e+03	1.626984e-23
6.793587e+03	1.620788e-23
6.813627e+03	1.614592e-23
6.833667e+03	1.608396e-23
6.853707e+03	1.602200e-23
6.873747e+03	1.596004e-23
6.893788e+03	1.589808e-23
6.913828e+03	1.583612e-23
6.933868e+03	1.577416e-23
6.953908e+03	1.571221e-23
6.973948e+03	1.565025e-23
6.993988e+03	1.558829e-23
7.014028e+03	1.552633e-23
7.034068e+03	1.546437e-23
7.054108e+03	1.540241e-23
7.074148e+03	1.534045e-23
7.094188e+03	1.527849e-23
7.114228e+03	1.521653e-23
7.134269e+03	1.515458e-23
7.154309e+03	1.509262e-23
7.174349e+03	1.503066e-23
7.194389e+03	1.496870e-23
7.214429e+03	1.490674e-23
7.234469e+03	1.484478e-23
7.254509e+03	1.478282e-23
7.274549e+03	1.472086e-23
7.294589e+03	1.465890e-23
7.314629e+03	1.459694e-23
7.334669e+03	1.453499e-23
7.354709e+03	1.447303e-23
7.374749e+03	1.441107e-23
7.394790e+03	1.434911e-23
7.414830e+03	1.430236e-23
7.434870e+03	1.426094e-23
7.454910e+03	1.421953e-23
7.474950e+03	1.417812e-23
7.494990e+03	1.413671e-23
7.515030e+03	1.409530e-23
7.535070e+03	1.405389e-23
7.555110e+03	1.401248e-23
7.575150e+03	1.397106e-23
7.595190e+03	1.392965e-23
7.615230e+03	1.388824e-23
7.635271e+03	1.384683e-23
7.655311e+03	1.380542e-23
7.675351e+03	1.376401e-23
7.695391e+03	1.372260e-23
7.715431e+03	1.368118e-23
7.735471e+03	1.363977e-23
7.755511e+03	1.359836e-23
7.775551e+03	1.355695e-23
7.795591e+03	1.351554e-23
7.815631e+03	1.347413e-23
7.835671e+03	1.343272e-23
7.855711e+03	1.339130e-23
7.875752e+03	1.334989e-23
7.895792e+03	1.330848e-23
7.915832e+03	1.326707e-23
7.935872e+03	1.322566e-23
7.955912e+03	1.318425e-23
7.975952e+03	1.314284e-23
7.995992e+03	1.310143e-23
8.016032e+03	1.306001e-23
8.036072e+03	1.301860e-23
8.056112e+03	1.297719e-23
8.076152e+03	1.293578e-23
8.096192e+03	1.289437e-23
8.116232e+03	1.285296e-23
8.136273e+03	1.281155e-23
8.156313e+03	1.277013e-23
8.176353e+03	1.272872e-23
8.196393e+03	1.268731e-23
8.216433e+03	1.264590e-23
8.236473e+03	1.260449e-23
8.256513e+03	1.256308e-23
8.276553e+03	1.252167e-23
8.296593e+03	1.248025e-23
8.316633e+03	1.243884e-23
8.336673e+03	1.239743e-23
8.356713e+03	1.235602e-23
8.376754e+03	1.231461e-23
8.396794e+03	1.227320e-23
8.416834e+03	1.223179e-23
8.436874e+03	1.219037e-23
8.456914e+03	1.214896e-23
8.476954e+03	1.210755e-23
8.496994e+03	1.206614e-23
8.517034e+03	1.202473e-23
8.537074e+03	1.198332e-23
8.557114e+03	1.194191e-23
8.577154e+03	1.190049e-23
8.597194e+03	1.185908e-23
8.617234e+03	1.181767e-23
8.637275e+03	1.177626e-23
8.657315e+03	1.173485e-23
8.677355e+03	1.169344e-23
8.697395e+03	1.165203e-23
8.717435e+03	1.161061e-23
8.737475e+03	1.156920e-23
8.757515e+03	1.152779e-23
8.777555e+03	1.148638e-23
8.797595e+03	1.144497e-23
8.817635e+03	1.141424e-23
8.837675e+03	1.138497e-23
8.857715e+03	1.135569e-23
8.877756e+03	1.132642e-23
8.897796e+03	1.129714e-23
8.917836e+03	1.126787e-23
8.937876e+03	1.123860e-23
8.957916e+03	1.120932e-23
8.977956e+03	1.118005e-23
8.997996e+03	1.115077e-23
9.018036e+03	1.112150e-23
9.038076e+03	1.109223e-23
9.058116e+03	1.106295e-23
9.078156e+03	1.103368e-23
9.098196e+03	1.100440e-23
9.118236e+03	1.097513e-23
9.138277e+03	1.094586e-23
9.158317e+03	1.091658e-23
9.178357e+03	1.088731e-23
9.198397e+03	1.085804e-23
9.218437e+03	1.082876e-23
9.238477e+03	1.079949e-23
9.258517e+03	1.077021e-23
9.278557e+03	1.074094e-23
9.298597e+03	1.071167e-23
9.318637e+03	1.068239e-23
9.338677e+03	1.065312e-23
9.358717e+03	1.062384e-23
9.378758e+03	1.059457e-23
9.398798e+03	1.056530e-23
9.418838e+03	1.053602e-23
9.438878e+03	1.050675e-23
9.458918e+03	1.047747e-23
9.478958e+03	1.044820e-23
9.498998e+03	1.041893e-23
9.519038e+03	1.038965e-23
9.539078e+03	1.036038e-23
9.559118e+03	1.033111e-23
9.579158e+03	1.030183e-23
9.599198e+03	1.027256e-23
9.619238e+03	1.024328e-23
9.639279e+03	1.021401e-23
9.659319e+03	1.018474e-23
9.679359e+03	1.015546e-23
9.699399e+03	1.012619e-23
9.719439e+03	1.009691e-23
9.739479e+03	1.006764e-23
9.759519e+03	1.003837e-23
9.779559e+03	1.000909e-23
9.799599e+03	9.979819e-24
9.819639e+03	9.950545e-24
9.839679e+03	9.921271e-24
9.859719e+03	9.891997e-24
9.879760e+03	9.862723e-24
9.899800e+03	9.833449e-24
9.919840e+03	9.804176e-24
9.939880e+03	9.774902e-24
9.959920e+03	9.745628e-24
9.979960e+03	9.716354e-24
1.000000e+04	9.687080e-24

