0.000000e+00	1.104590e-17
2.004008e+01	3.841622e-19
4.008016e+01	3.651355e-19
6.012024e+01	3.526865e-19
8.016032e+01	3.437141e-19
1.002004e+02	3.365766e-19
1.202405e+02	3.308490e-19
1.402806e+02	3.260288e-19
1.603206e+02	3.218804e-19
1.803607e+02	3.183406e-19
2.004008e+02	3.150852e-19
2.204409e+02	3.121033e-19
2.404810e+02	3.095733e-19
2.605210e+02	3.070543e-19
2.805611e+02	3.049488e-19
3.006012e+02	3.028434e-19
3.206413e+02	3.009316e-19
3.406814e+02	2.991908e-19
3.607214e+02	2.974500e-19
3.807615e+02	2.958706e-19
4.008016e+02	2.944302e-19
4.208417e+02	2.929899e-19
4.408818e+02	2.915603e-19
4.609218e+02	2.903624e-19
4.809619e+02	2.891645e-19
5.010020e+02	2.879666e-19
5.210421e+02	2.867793e-19
5.410822e+02	2.857855e-19
5.611222e+02	2.847917e-19
5.811623e+02	2.837980e-19
6.012024e+02	2.828042e-19
6.212425e+02	2.818212e-19
6.412826e+02	2.810012e-19
6.613226e+02	2.801812e-19
6.813627e+02	2.793612e-19
7.014028e+02	2.785413e-19
7.214429e+02	2.777213e-19
7.414830e+02	2.769119e-19
7.615230e+02	2.762345e-19
7.815631e+02	2.755572e-19
8.016032e+02	2.748798e-19
8.216433e+02	2.742025e-19
8.416834e+02	2.735251e-19
8.617234e+02	2.728477e-19
8.817635e+02	2.721794e-19
9.018036e+02	2.716046e-19
9.218437e+02	2.710298e-19
9.418838e+02	2.704550e-19
9.619238e+02	2.698802e-19
9.819639e+02	2.693053e-19
1.002004e+03	2.687395e-19
1.022044e+03	2.682549e-19
1.042084e+03	2.677702e-19
1.062124e+03	2.672855e-19
1.082164e+03	2.668009e-19
1.102204e+03	2.663162e-19
1.122244e+03	2.658315e-19
1.142285e+03	2.653468e-19
1.162325e+03	2.648622e-19
1.182365e+03	2.643775e-19
1.202405e+03	2.639026e-19
1.222445e+03	2.634993e-19
1.242485e+03	2.630960e-19
1.262525e+03	2.626927e-19
1.282565e+03	2.622894e-19
1.302605e+03	2.618861e-19
1.322645e+03	2.614828e-19
1.342685e+03	2.610795e-19
1.362725e+03	2.606762e-19
1.382766e+03	2.602728e-19
1.402806e+03	2.598778e-19
1.422846e+03	2.595332e-19
1.442886e+03	2.591886e-19
1.462926e+03	2.588440e-19
1.482966e+03	2.584994e-19
1.503006e+03	2.581548e-19
1.523046e+03	2.578102e-19
1.543086e+03	2.574656e-19
1.563126e+03	2.571210e-19
1.583166e+03	2.567765e-19
1.603206e+03	2.564404e-19
1.623246e+03	2.561491e-19
1.643287e+03	2.558578e-19
1.663327e+03	2.555664e-19
1.683367e+03	2.552751e-19
1.703407e+03	2.549838e-19
1.723447e+03	2.546925e-19
1.743487e+03	2.544012e-19
1.763527e+03	2.541099e-19
1.783567e+03	2.538185e-19
1.803607e+03	2.535272e-19
1.823647e+03	2.532359e-19
1.843687e+03	2.529446e-19
1.863727e+03	2.526533e-19
1.883768e+03	2.523620e-19
1.903808e+03	2.520783e-19
1.923848e+03	2.518272e-19
1.943888e+03	2.515761e-19
1.963928e+03	2.513250e-19
1.983968e+03	2.510739e-19
2.004008e+03	2.508228e-19
2.024048e+03	2.505717e-19
2.044088e+03	2.503206e-19
2.064128e+03	2.500695e-19
2.084168e+03	2.498184e-19
2.104208e+03	2.495757e-19
2.124248e+03	2.493646e-19
2.144289e+03	2.491536e-19
2.164329e+03	2.489425e-19
2.184369e+03	2.487314e-19
2.204409e+03	2.485204e-19
2.224449e+03	2.483093e-19
2.244489e+03	2.480982e-19
2.264529e+03	2.478872e-19
2.284569e+03	2.476761e-19
2.304609e+03	2.474651e-19
2.324649e+03	2.472540e-19
2.344689e+03	2.470429e-19
2.364729e+03	2.468319e-19
2.384770e+03	2.466208e-19
2.404810e+03	2.464097e-19
2.424850e+03	2.461987e-19
2.444890e+03	2.459876e-19
2.464930e+03	2.457766e-19
2.484970e+03	2.455655e-19
2.505010e+03	2.453544e-19
2.525050e+03	2.451434e-19
2.545090e+03	2.449323e-19
2.565130e+03	2.447212e-19
2.585170e+03	2.445102e-19
2.605210e+03	2.443096e-19
2.625251e+03	2.441391e-19
2.645291e+03	2.439685e-19
2.665331e+03	2.437979e-19
2.685371e+03	2.436273e-19
2.705411e+03	2.434567e-19
2.725451e+03	2.432862e-19
2.745491e+03	2.431156e-19
2.765531e+03	2.429450e-19
2.785571e+03	2.427744e-19
2.805611e+03	2.426038e-19
2.825651e+03	2.424333e-19
2.845691e+03	2.422627e-19
2.865731e+03	2.420921e-19
2.885772e+03	2.419215e-19
2.905812e+03	2.417509e-19
2.925852e+03	2.415804e-19
2.945892e+03	2.414098e-19
2.965932e+03	2.412392e-19
2.985972e+03	2.410686e-19
3.006012e+03	2.408980e-19
3.026052e+03	2.407274e-19
3.046092e+03	2.405569e-19
3.066132e+03	2.403863e-19
3.086172e+03	2.402157e-19
3.106212e+03	2.400545e-19
3.126253e+03	2.399140e-19
3.146293e+03	2.397735e-19
3.166333e+03	2.396330e-19
3.186373e+03	2.394925e-19
3.206413e+03	2.393520e-19
3.226453e+03	2.392116e-19
3.246493e+03	2.390711e-19
3.266533e+03	2.389306e-19
3.286573e+03	2.387901e-19
3.306613e+03	2.386496e-19
3.326653e+03	2.385092e-19
3.346693e+03	2.383687e-19
3.366733e+03	2.382282e-19
3.386774e+03	2.380877e-19
3.406814e+03	2.379472e-19
3.426854e+03	2.378068e-19
3.446894e+03	2.376663e-19
3.466934e+03	2.375258e-19
3.486974e+03	2.373853e-19
3.507014e+03	2.372448e-19
3.527054e+03	2.371044e-19
3.547094e+03	2.369639e-19
3.567134e+03	2.368234e-19
3.587174e+03	2.366829e-19
3.607214e+03	2.365424e-19
3.627255e+03	2.364019e-19
3.647295e+03	2.362615e-19
3.667335e+03	2.361210e-19
3.687375e+03	2.359805e-19
3.707415e+03	2.358491e-19
3.727455e+03	2.357332e-19
3.747495e+03	2.356173e-19
3.767535e+03	2.355014e-19
3.787575e+03	2.353854e-19
3.807615e+03	2.352695e-19
3.827655e+03	2.351536e-19
3.847695e+03	2.350377e-19
3.867735e+03	2.349218e-19
3.887776e+03	2.348059e-19
3.907816e+03	2.346899e-19
3.927856e+03	2.345740e-19
3.947896e+03	2.344581e-19
3.967936e+03	2.343422e-19
3.987976e+03	2.342263e-19
4.008016e+03	2.341103e-19
4.028056e+03	2.339944e-19
4.048096e+03	2.338785e-19
4.068136e+03	2.337626e-19
4.088176e+03	2.336467e-19
4.108216e+03	2.335308e-19
4.128257e+03	2.334148e-19
4.148297e+03	2.332989e-19
4.168337e+03	2.331830e-19
4.188377e+03	2.330671e-19
4.208417e+03	2.329512e-19
4.228457e+03	2.328353e-19
4.248497e+03	2.327193e-19
4.268537e+03	2.326034e-19
4.288577e+03	2.324875e-19
4.308617e+03	2.323716e-19
4.328657e+03	2.322557e-19
4.348697e+03	2.321397e-19
4.368737e+03	2.320238e-19
4.388778e+03	2.319079e-19
4.408818e+03	2.318007e-19
4.428858e+03	2.317045e-19
4.448898e+03	2.316084e-19
4.468938e+03	2.315122e-19
4.488978e+03	2.314160e-19
4.509018e+03	2.313198e-19
4.529058e+03	2.312237e-19
4.549098e+03	2.311275e-19
4.569138e+03	2.310313e-19
4.589178e+03	2.309352e-19
4.609218e+03	2.308390e-19
4.629259e+03	2.307428e-19
4.649299e+03	2.306467e-19
4.669339e+03	2.305505e-19
4.689379e+03	2.304543e-19
4.709419e+03	2.303582e-19
4.729459e+03	2.302620e-19
4.749499e+03	2.301658e-19
4.769539e+03	2.300697e-19
4.789579e+03	2.299735e-19
4.809619e+03	2.298773e-19
4.829659e+03	2.297812e-19
4.849699e+03	2.296850e-19
4.869739e+03	2.295888e-19
4.889780e+03	2.294927e-19
4.909820e+03	2.293965e-19
4.929860e+03	2.293003e-19
4.949900e+03	2.292042e-19
4.969940e+03	2.291080e-19
4.989980e+03	2.290118e-19
5.010020e+03	2.289157e-19
5.030060e+03	2.288195e-19
5.050100e+03	2.287233e-19
5.070140e+03	2.286272e-19
5.090180e+03	2.285310e-19
5.110220e+03	2.284348e-19
5.130261e+03	2.283387e-19
5.150301e+03	2.282425e-19
5.170341e+03	2.281463e-19
5.190381e+03	2.280502e-19
5.210421e+03	2.279626e-19
5.230461e+03	2.278830e-19
5.250501e+03	2.278034e-19
5.270541e+03	2.277237e-19
5.290581e+03	2.276441e-19
5.310621e+03	2.275645e-19
5.330661e+03	2.274849e-19
5.350701e+03	2.274053e-19
5.370741e+03	2.273256e-19
5.390782e+03	2.272460e-19
5.410822e+03	2.271664e-19
5.430862e+03	2.270868e-19
5.450902e+03	2.270072e-19
5.470942e+03	2.269275e-19
5.490982e+03	2.268479e-19
5.511022e+03	2.267683e-19
5.531062e+03	2.266887e-19
5.551102e+03	2.266091e-19
5.571142e+03	2.265295e-19
5.591182e+03	2.264498e-19
5.611222e+03	2.263702e-19
5.631263e+03	2.262906e-19
5.651303e+03	2.262110e-19
5.671343e+03	2.261314e-19
5.691383e+03	2.260517e-19
5.711423e+03	2.259721e-19
5.731463e+03	2.258925e-19
5.751503e+03	2.258129e-19
5.771543e+03	2.257333e-19
5.791583e+03	2.256536e-19
5.811623e+03	2.255740e-19
5.831663e+03	2.254944e-19
5.851703e+03	2.254148e-19
5.871743e+03	2.253352e-19
5.891784e+03	2.252555e-19
5.911824e+03	2.251759e-19
5.931864e+03	2.250963e-19
5.951904e+03	2.250167e-19
5.971944e+03	2.249371e-19
5.991984e+03	2.248574e-19
6.012024e+03	2.247778e-19
6.032064e+03	2.246982e-19
6.052104e+03	2.246186e-19
6.072144e+03	2.245390e-19
6.092184e+03	2.244594e-19
6.112224e+03	2.243797e-19
6.132265e+03	2.243001e-19
6.152305e+03	2.242205e-19
6.172345e+03	2.241409e-19
6.192385e+03	2.240613e-19
6.212425e+03	2.239903e-19
6.232465e+03	2.239248e-19
6.252505e+03	2.238592e-19
6.272545e+03	2.237936e-19
6.292585e+03	2.237280e-19
6.312625e+03	2.236624e-19
6.332665e+03	2.235969e-19
6.352705e+03	2.235313e-19
6.372745e+03	2.234657e-19
6.392786e+03	2.234001e-19
6.412826e+03	2.233345e-19
6.432866e+03	2.232689e-19
6.452906e+03	2.232034e-19
6.472946e+03	2.231378e-19
6.492986e+03	2.230722e-19
6.513026e+03	2.230066e-19
6.533066e+03	2.229410e-19
6.553106e+03	2.228755e-19
6.573146e+03	2.228099e-19
6.593186e+03	2.227443e-19
6.613226e+03	2.226787e-19
6.633267e+03	2.226131e-19
6.653307e+03	2.225476e-19
6.673347e+03	2.224820e-19
6.693387e+03	2.224164e-19
6.713427e+03	2.223508e-19
6.733467e+03	2.222852e-19
6.753507e+03	2.222196e-19
6.773547e+03	2.221541e-19
6.793587e+03	2.220885e-19
6.813627e+03	2.220229e-19
6.833667e+03	2.219573e-19
6.853707e+03	2.218917e-19
6.873747e+03	2.218262e-19
6.893788e+03	2.217606e-19
6.913828e+03	2.216950e-19
6.933868e+03	2.216294e-19
6.953908e+03	2.215638e-19
6.973948e+03	2.214983e-19
6.993988e+03	2.214327e-19
7.014028e+03	2.213671e-19
7.034068e+03	2.213015e-19
7.054108e+03	2.212359e-19
7.074148e+03	2.211703e-19
7.094188e+03	2.211048e-19
7.114228e+03	2.210392e-19
7.134269e+03	2.209736e-19
7.154309e+03	2.209080e-19
7.174349e+03	2.208424e-19
7.194389e+03	2.207769e-19
7.214429e+03	2.207113e-19
7.234469e+03	2.206457e-19
7.254509e+03	2.205801e-19
7.274549e+03	2.205145e-19
7.294589e+03	2.204490e-19
7.314629e+03	2.203834e-19
7.334669e+03	2.203178e-19
7.354709e+03	2.202522e-19
7.374749e+03	2.201866e-19
7.394790e+03	2.201211e-19
7.414830e+03	2.200640e-19
7.434870e+03	2.200099e-19
7.454910e+03	2.199557e-19
7.474950e+03	2.199016e-19
7.494990e+03	2.198475e-19
7.515030e+03	2.197934e-19
7.535070e+03	2.197393e-19
7.555110e+03	2.196852e-19
7.575150e+03	2.196311e-19
7.595190e+03	2.195770e-19
7.615230e+03	2.195229e-19
7.635271e+03	2.194688e-19
7.655311e+03	2.194147e-19
7.675351e+03	2.193606e-19
7.695391e+03	2.193064e-19
7.715431e+03	2.192523e-19
7.735471e+03	2.191982e-19
7.755511e+03	2.191441e-19
7.775551e+03	2.190900e-19
7.795591e+03	2.190359e-19
7.815631e+03	2.189818e-19
7.835671e+03	2.189277e-19
7.855711e+03	2.188736e-19
7.875752e+03	2.188195e-19
7.895792e+03	2.187654e-19
7.915832e+03	2.187113e-19
7.935872e+03	2.186571e-19
7.955912e+03	2.186030e-19
7.975952e+03	2.185489e-19
7.995992e+03	2.184948e-19
8.016032e+03	2.184407e-19
8.036072e+03	2.183866e-19
8.056112e+03	2.183325e-19
8.076152e+03	2.182784e-19
8.096192e+03	2.182243e-19
8.116232e+03	2.181702e-19
8.136273e+03	2.181161e-19
8.156313e+03	2.180620e-19
8.176353e+03	2.180078e-19
8.196393e+03	2.179537e-19
8.216433e+03	2.178996e-19
8.236473e+03	2.178455e-19
8.256513e+03	2.177914e-19
8.276553e+03	2.177373e-19
8.296593e+03	2.176832e-19
8.316633e+03	2.176291e-19
8.336673e+03	2.175750e-19
8.356713e+03	2.175209e-19
8.376754e+03	2.174668e-19
8.396794e+03	2.174127e-19
8.416834e+03	2.173585e-19
8.436874e+03	2.173044e-19
8.456914e+03	2.172503e-19
8.476954e+03	2.171962e-19
8.496994e+03	2.171421e-19
8.517034e+03	2.170880e-19
8.537074e+03	2.170339e-19
8.557114e+03	2.169798e-19
8.577154e+03	2.169257e-19
8.597194e+03	2.168716e-19
8.617234e+03	2.168175e-19
8.637275e+03	2.167634e-19
8.657315e+03	2.167093e-19
8.677355e+03	2.166551e-19
8.697395e+03	2.166010e-19
8.717435e+03	2.165469e-19
8.737475e+03	2.164928e-19
8.757515e+03	2.164387e-19
8.777555e+03	2.163846e-19
8.797595e+03	2.163305e-19
8.817635e+03	2.162836e-19
8.837675e+03	2.162378e-19
8.857715e+03	2.161919e-19
8.877756e+03	2.161460e-19
8.897796e+03	2.161001e-19
8.917836e+03	2.160543e-19
8.937876e+03	2.160084e-19
8.957916e+03	2.159625e-19
8.977956e+03	2.159166e-19
8.997996e+03	2.158708e-19
9.018036e+03	2.158249e-19
9.038076e+03	2.157790e-19
9.058116e+03	2.157331e-19
9.078156e+03	2.156873e-19
9.098196e+03	2.156414e-19
9.118236e+03	2.155955e-19
9.138277e+03	2.155496e-19
9.158317e+03	2.155038e-19
9.178357e+03	2.154579e-19
9.198397e+03	2.154120e-19
9.218437e+03	2.153661e-19
9.238477e+03	2.153203e-19
9.258517e+03	2.152744e-19
9.278557e+03	2.152285e-19
9.298597e+03	2.151826e-19
9.318637e+03	2.151368e-19
9.338677e+03	2.150909e-19
9.358717e+03	2.150450e-19
9.378758e+03	2.149991e-19
9.398798e+03	2.149533e-19
9.418838e+03	2.149074e-19
9.438878e+03	2.148615e-19
9.458918e+03	2.148156e-19
9.478958e+03	2.147698e-19
9.498998e+03	2.147239e-19
9.519038e+03	2.146780e-19
9.539078e+03	2.146321e-19
9.559118e+03	2.145863e-19
9.579158e+03	2.145404e-19
9.599198e+03	2.144945e-19
9.619238e+03	2.144486e-19
9.639279e+03	2.144028e-19
9.659319e+03	2.143569e-19
9.679359e+03	2.143110e-19
9.699399e+03	2.142651e-19
9.719439e+03	2.142193e-19
9.739479e+03	2.141734e-19
9.759519e+03	2.141275e-19
9.779559e+03	2.140816e-19
9.799599e+03	2.140358e-19
9.819639e+03	2.139899e-19
9.839679e+03	2.139440e-19
9.859719e+03	2.138981e-19
9.879760e+03	2.138523e-19
9.899800e+03	2.138064e-19
9.919840e+03	2.137605e-19
9.939880e+03	2.137146e-19
9.959920e+03	2.136688e-19
9.979960e+03	2.136229e-19
1.000000e+04	2.135770e-19

