0.478	1.1641e-20
1.476805	2.50973964123271e-20
2.47561	4.22422243056009e-20
3.474415	6.42130901700969e-20
4.47322	8.7952804831722e-20
5.472025	1.10551227895055e-19
6.47083	1.34477722057454e-19
7.469635	1.5916342501731e-19
8.46844	1.81193090110968e-19
9.467245	2.02466022333402e-19
10.46605	2.23425320895188e-19
11.464855	2.40277792204158e-19
12.46366	2.46219351042416e-19
13.462465	2.4302174786066e-19
14.46127	2.35730263650002e-19
15.460075	2.24744931783374e-19
16.45888	2.14443029682193e-19
17.457685	2.0502364671122e-19
18.45649	1.96704533774018e-19
19.455295	1.86360626970478e-19
20.4541	1.76459155623348e-19
21.452905	1.66570841572127e-19
22.45171	1.59376376664621e-19
23.450515	1.53363487505357e-19
24.44932	1.47288246882793e-19
25.448125	1.40662757356608e-19
26.44693	1.35290449649898e-19
27.445735	1.3159561867487e-19
28.44454	1.27161533134633e-19
29.443345	1.22235118825985e-19
30.44215	1.19143601833831e-19
31.440955	1.1659131099717e-19
32.43976	1.14173816738743e-19
33.438565	1.12329165428644e-19
34.43737	1.10484514118545e-19
35.436175	1.10024e-19
36.43498	1.05940837108789e-19
37.433785	9.83194442894512e-20
38.43259	9.06980514701133e-20
39.431395	8.30766586507754e-20
40.4302	7.78925983593878e-20
41.429005	7.7225896191345e-20
42.42781	7.65591940233023e-20
43.426615	7.58924918552596e-20
44.42542	7.52257896872168e-20
45.424225	7.45590875191741e-20
46.42303	7.38923853511313e-20
47.421835	7.32256831830886e-20
48.42064	7.25589810150458e-20
49.419445	7.18922788470031e-20
50.41825	7.12255766789604e-20
51.417055	7.05588745109176e-20
52.41586	6.98921723428749e-20
53.414665	6.92254701748321e-20
54.41347	6.85587680067894e-20
55.412275	6.78920658387467e-20
56.41108	6.72253636707039e-20
57.409885	6.65586615026612e-20
58.40869	6.58919593346184e-20
59.407495	6.52252571665757e-20
60.4063	6.46426136223608e-20
61.405105	6.42694099293666e-20
62.40391	6.38962062363723e-20
63.402715	6.35230025433781e-20
64.40152	6.31497988503838e-20
65.400325	6.27765951573896e-20
66.39913	6.24033914643954e-20
67.397935	6.20301877714011e-20
68.39674	6.16569840784069e-20
69.395545	6.12837803854126e-20
70.39435	6.09105766924184e-20
71.393155	6.05373729994242e-20
72.39196	6.01641693064299e-20
73.390765	5.97909656134357e-20
74.38957	5.94177619204414e-20
75.388375	5.90445582274472e-20
76.38718	5.8671354534453e-20
77.385985	5.82981508414587e-20
78.38479	5.79249471484645e-20
79.383595	5.75517434554702e-20
80.3824	5.72083052343903e-20
81.381205	5.69689717781366e-20
82.38001	5.6729638321883e-20
83.378815	5.64903048656293e-20
84.37762	5.62509714093756e-20
85.376425	5.60116379531219e-20
86.37523	5.57723044968683e-20
87.374035	5.55329710406146e-20
88.37284	5.52936375843609e-20
89.371645	5.50543041281073e-20
90.37045	5.48149706718536e-20
91.369255	5.45756372155999e-20
92.36806	5.43363037593463e-20
93.366865	5.40969703030926e-20
94.36567	5.38576368468389e-20
95.364475	5.36183033905853e-20
96.36328	5.33789699343316e-20
97.362085	5.31396364780779e-20
98.36089	5.29003030218243e-20
99.359695	5.26609695655706e-20
100.3585	5.24275838015778e-20
101.357305	5.22258252015459e-20
102.35611	5.2024066601514e-20
103.354915	5.1822308001482e-20
104.35372	5.16205494014501e-20
105.352525	5.14187908014182e-20
106.35133	5.12170322013862e-20
107.350135	5.10152736013543e-20
108.34894	5.08135150013223e-20
109.347745	5.06117564012904e-20
110.34655	5.04099978012585e-20
111.345355	5.02082392012265e-20
112.34416	5.00064806011946e-20
113.342965	4.98047220011627e-20
114.34177	4.96029634011307e-20
115.340575	4.94012048010988e-20
116.33938	4.91994462010669e-20
117.338185	4.89976876010349e-20
118.33699	4.8795929001003e-20
119.335795	4.85941704009711e-20
120.3346	4.8392411847895e-20
121.333405	4.81906537462662e-20
122.33221	4.79888956446375e-20
123.331015	4.77871375430088e-20
124.32982	4.758537944138e-20
125.328625	4.73836213397513e-20
126.32743	4.71818632381226e-20
127.326235	4.69801051364938e-20
128.32504	4.67783470348651e-20
129.323845	4.65765889332364e-20
130.32265	4.63748308316076e-20
131.321455	4.61730727299789e-20
132.32026	4.59713146283502e-20
133.319065	4.57695565267214e-20
134.31787	4.55677984250927e-20
135.316675	4.5366040323464e-20
136.31548	4.51642822218352e-20
137.314285	4.49625241202065e-20
138.31309	4.47607660185778e-20
139.311895	4.4559007916949e-20
140.3107	4.43588929385729e-20
141.309505	4.42116584156911e-20
142.30831	4.40644238928094e-20
143.307115	4.39171893699276e-20
144.30592	4.37699548470459e-20
145.304725	4.36227203241642e-20
146.30353	4.34754858012824e-20
147.302335	4.33282512784007e-20
148.30114	4.3181016755519e-20
149.299945	4.30337822326372e-20
150.29875	4.28865477097555e-20
151.297555	4.27393131868738e-20
152.29636	4.2592078663992e-20
153.295165	4.24448441411103e-20
154.29397	4.22976096182285e-20
155.292775	4.21503750953468e-20
156.29158	4.20031405724651e-20
157.290385	4.18559060495833e-20
158.28919	4.17086715267016e-20
159.287995	4.15614370038199e-20
160.2868	4.14142024809381e-20
161.285605	4.13165795007385e-20
162.28441	4.12206942008024e-20
163.283215	4.11248089008663e-20
164.28202	4.10289236009301e-20
165.280825	4.0933038300994e-20
166.27963	4.08371530010579e-20
167.278435	4.07412677011218e-20
168.27724	4.06453824011856e-20
169.276045	4.05494971012495e-20
170.27485	4.04536118013134e-20
171.273655	4.03577265013772e-20
172.27246	4.02618412014411e-20
173.271265	4.0165955901505e-20
174.27007	4.00700706015689e-20
175.268875	3.99741853016327e-20
176.26768	3.98783000016966e-20
177.266485	3.97824147017605e-20
178.26529	3.96865294018243e-20
179.264095	3.95906441018882e-20
180.2629	3.94947588019521e-20
181.261705	3.9399270050142e-20
182.26051	3.93038243418296e-20
183.259315	3.92083786335173e-20
184.25812	3.9112932925205e-20
185.256925	3.90174872168926e-20
186.25573	3.89220415085803e-20
187.254535	3.8826595800268e-20
188.25334	3.87311500919556e-20
189.252145	3.86357043836433e-20
190.25095	3.8540258675331e-20
191.249755	3.84448129670186e-20
192.24856	3.83493672587063e-20
193.247365	3.8253921550394e-20
194.24617	3.81584758420816e-20
195.244975	3.80630301337693e-20
196.24378	3.7967584425457e-20
197.242585	3.78721387171446e-20
198.24139	3.77766930088323e-20
199.240195	3.768124730052e-20
200.239	3.75858015922076e-20
201.237805	3.75084015214071e-20
202.23661	3.74344898218222e-20
203.235415	3.73605781222374e-20
204.23422	3.72866664226526e-20
205.233025	3.72127547230678e-20
206.23183	3.71388430234829e-20
207.230635	3.70649313238981e-20
208.22944	3.69910196243132e-20
209.228245	3.69171079247284e-20
210.22705	3.68431962251436e-20
211.225855	3.67692845255588e-20
212.22466	3.66953728259739e-20
213.223465	3.66214611263891e-20
214.22227	3.65475494268043e-20
215.221075	3.64736377272194e-20
216.21988	3.63997260276346e-20
217.218685	3.63258143280498e-20
218.21749	3.62519026284649e-20
219.216295	3.61779909288801e-20
220.2151	3.61040792292953e-20
221.213905	3.60301679154395e-20
222.21271	3.59562567142579e-20
223.211515	3.58823455130763e-20
224.21032	3.58084343118946e-20
225.209125	3.5734523110713e-20
226.20793	3.56606119095314e-20
227.206735	3.55867007083498e-20
228.20554	3.55127895071681e-20
229.204345	3.54388783059865e-20
230.20315	3.53649671048049e-20
231.201955	3.52910559036232e-20
232.20076	3.52171447024416e-20
233.199565	3.514323350126e-20
234.19837	3.50693223000783e-20
235.197175	3.49954110988967e-20
236.19598	3.49214998977151e-20
237.194785	3.48475886965335e-20
238.19359	3.47736774953518e-20
239.192395	3.46997662941702e-20
240.1912	3.46258550929886e-20
241.190005	3.45519432762051e-20
242.18881	3.44780312077994e-20
243.187615	3.44041191393937e-20
244.18642	3.4330207070988e-20
245.185225	3.42562950025823e-20
246.18403	3.41823829341766e-20
247.182835	3.4108470865771e-20
248.18164	3.40345587973653e-20
249.180445	3.39606467289596e-20
250.17925	3.38867346605539e-20
251.178055	3.38128225921482e-20
252.17686	3.37389105237425e-20
253.175665	3.36649984553368e-20
254.17447	3.35910863869311e-20
255.173275	3.35171743185255e-20
256.17208	3.34432622501198e-20
257.170885	3.33693501817141e-20
258.16969	3.32954381133084e-20
259.168495	3.32215260449027e-20
260.1673	3.3147613976497e-20
261.166105	3.30737024682112e-20
262.16491	3.29997912670296e-20
263.163715	3.2925880065848e-20
264.16252	3.28519688646663e-20
265.161325	3.27780576634847e-20
266.16013	3.27041464623031e-20
267.158935	3.26302352611215e-20
268.15774	3.25563240599398e-20
269.156545	3.24824128587582e-20
270.15535	3.24085016575766e-20
271.154155	3.23345904563949e-20
272.15296	3.22606792552133e-20
273.151765	3.21867680540317e-20
274.15057	3.211285685285e-20
275.149375	3.20389456516684e-20
276.14818	3.19650344504868e-20
277.146985	3.18911232493051e-20
278.14579	3.18172120481235e-20
279.144595	3.17433008469419e-20
280.1434	3.16693896457603e-20
281.142205	3.15959661759822e-20
282.14101	3.15228932889856e-20
283.139815	3.1449820401989e-20
284.13862	3.13767475149924e-20
285.137425	3.13036746279959e-20
286.13623	3.12306017409993e-20
287.135035	3.11575288540027e-20
288.13384	3.10844559670062e-20
289.132645	3.10113830800096e-20
290.13145	3.0938310193013e-20
291.130255	3.08652373060164e-20
292.12906	3.07921644190199e-20
293.127865	3.07190915320233e-20
294.12667	3.06460186450267e-20
295.125475	3.05729457580301e-20
296.12428	3.04998728710336e-20
297.123085	3.0426799984037e-20
298.12189	3.03537270970404e-20
299.120695	3.02806542100439e-20
300.1195	3.02075813230473e-20
301.118305	3.01485532886962e-20
302.11711	3.01026084879616e-20
303.115915	3.00566636872271e-20
304.11472	3.00107188864926e-20
305.113525	2.99647740857581e-20
306.11233	2.99188292850235e-20
307.111135	2.9872884484289e-20
308.10994	2.98269396835545e-20
309.108745	2.97809948828199e-20
310.10755	2.97350500820854e-20
311.106355	2.96891052813509e-20
312.10516	2.96431604806164e-20
313.103965	2.95972156798818e-20
314.10277	2.95512708791473e-20
315.101575	2.95053260784128e-20
316.10038	2.94593812776783e-20
317.099185	2.94134364769437e-20
318.09799	2.93674916762092e-20
319.096795	2.93215468754747e-20
320.0956	2.92756020747401e-20
321.094405	2.92296572740056e-20
322.09321	2.91837124732711e-20
323.092015	2.91377676725366e-20
324.09082	2.9091822871802e-20
325.089625	2.90458780710675e-20
326.08843	2.8999933270333e-20
327.087235	2.89539884695985e-20
328.08604	2.89080436688639e-20
329.084845	2.88620988681294e-20
330.08365	2.88161540673949e-20
331.082455	2.87702092666603e-20
332.08126	2.87242644659258e-20
333.080065	2.86783196651913e-20
334.07887	2.86323748644568e-20
335.077675	2.85864300637222e-20
336.07648	2.85404852629877e-20
337.075285	2.84945404622532e-20
338.07409	2.84485956615186e-20
339.072895	2.84026508607841e-20
340.0717	2.83567060600496e-20
341.070505	2.83107609758358e-20
342.06931	2.82648154474301e-20
343.068115	2.82188699190244e-20
344.06692	2.81729243906188e-20
345.065725	2.81269788622131e-20
346.06453	2.80810333338074e-20
347.063335	2.80350878054017e-20
348.06214	2.7989142276996e-20
349.060945	2.79431967485903e-20
350.05975	2.78972512201846e-20
351.058555	2.78513056917789e-20
352.05736	2.78053601633733e-20
353.056165	2.77594146349676e-20
354.05497	2.77134691065619e-20
355.053775	2.76675235781562e-20
356.05258	2.76215780497505e-20
357.051385	2.75756325213448e-20
358.05019	2.75296869929391e-20
359.048995	2.74837414645334e-20
360.0478	2.74377959361277e-20
361.046605	2.73918506446475e-20
362.04541	2.7345905843913e-20
363.044215	2.72999610431784e-20
364.04302	2.72540162424439e-20
365.041825	2.72080714417094e-20
366.04063	2.71621266409748e-20
367.039435	2.71161818402403e-20
368.03824	2.70702370395058e-20
369.037045	2.70242922387713e-20
370.03585	2.69783474380367e-20
371.034655	2.69324026373022e-20
372.03346	2.68864578365677e-20
373.032265	2.68405130358332e-20
374.03107	2.67945682350986e-20
375.029875	2.67486234343641e-20
376.02868	2.67026786336296e-20
377.027485	2.6656733832895e-20
378.02629	2.66107890321605e-20
379.025095	2.6564844231426e-20
380.0239	2.65188994306915e-20
381.022705	2.64729546299569e-20
382.02151	2.64270098292224e-20
383.020315	2.63810650284879e-20
384.01912	2.63351202277534e-20
385.017925	2.62891754270188e-20
386.01673	2.62432306262843e-20
387.015535	2.61972858255498e-20
388.01434	2.61513410248152e-20
389.013145	2.61053962240807e-20
390.01195	2.60594514233462e-20
391.010755	2.60135066226117e-20
392.00956	2.59675618218771e-20
393.008365	2.59216170211426e-20
394.00717	2.58756722204081e-20
395.005975	2.58297274196736e-20
396.00478	2.5783782618939e-20
397.003585	2.57378378182045e-20
398.00239	2.569189301747e-20
399.001195	2.56459482167354e-20
400	2.56000034160009e-20
