16.0	0.0
17.0	1.7e-22
20.0	4.6e-21
25.0	1.24e-20
30.0	1.84e-20
35.0	2.2599999999999998e-20
40.0	2.5499999999999998e-20
45.0	2.66e-20
50.0	2.73e-20
55.0	2.77e-20
60.0	2.84e-20
65.0	2.91e-20
70.0	2.9599999999999996e-20
75.0	2.97e-20
80.0	3.0299999999999995e-20
85.0	3.06e-20
90.0	3.06e-20
95.0	3.0499999999999995e-20
100.0	3.02e-20
110.0	2.9999999999999997e-20
120.0	2.93e-20
140.0	2.81e-20
160.0	2.7e-20
180.0	2.6e-20
200.0	2.4900000000000002e-20
225.0	2.3699999999999998e-20
250.0	2.2499999999999998e-20
275.0	2.1099999999999996e-20
300.0	2.02e-20
350.0	1.84e-20
400.0	1.71e-20
450.0	1.57e-20
500.0	1.4699999999999997e-20
550.0	1.3799999999999998e-20
600.0	1.3e-20
650.0	1.2299999999999999e-20
700.0	1.1599999999999998e-20
750.0	1.1e-20
800.0	1.05e-20
850.0	1.01e-20
900.0	9.729999999999999e-21
950.0	9.27e-21
1000.0	8.949999999999999e-21
1.016221e+03	8.528628e-21
1.036229e+03	8.440591e-21
1.056238e+03	8.352554e-21
1.076246e+03	8.264517e-21
1.096255e+03	8.176480e-21
1.116263e+03	8.088443e-21
1.136271e+03	8.000406e-21
1.156280e+03	7.912369e-21
1.176288e+03	7.824332e-21
1.196297e+03	7.736295e-21
1.216305e+03	7.648258e-21
1.236313e+03	7.560221e-21
1.256322e+03	7.472184e-21
1.276330e+03	7.384147e-21
1.296339e+03	7.296110e-21
1.316347e+03	7.208073e-21
1.336356e+03	7.120036e-21
1.356364e+03	7.031999e-21
1.376372e+03	6.943962e-21
1.396381e+03	6.855925e-21
1.416389e+03	6.767888e-21
1.436398e+03	6.679851e-21
1.456406e+03	6.591814e-21
1.476414e+03	6.503777e-21
1.496423e+03	6.415739e-21
1.516431e+03	6.360565e-21
1.536440e+03	6.312545e-21
1.556448e+03	6.264525e-21
1.576457e+03	6.216504e-21
1.596465e+03	6.168484e-21
1.616473e+03	6.120464e-21
1.636482e+03	6.072444e-21
1.656490e+03	6.024424e-21
1.676499e+03	5.976403e-21
1.696507e+03	5.928383e-21
1.716515e+03	5.880363e-21
1.736524e+03	5.832343e-21
1.756532e+03	5.784323e-21
1.776541e+03	5.736302e-21
1.796549e+03	5.688282e-21
1.816558e+03	5.640262e-21
1.836566e+03	5.592242e-21
1.856574e+03	5.544222e-21
1.876583e+03	5.496201e-21
1.896591e+03	5.448181e-21
1.916600e+03	5.400161e-21
1.936608e+03	5.352141e-21
1.956616e+03	5.304121e-21
1.976625e+03	5.256100e-21
1.996633e+03	5.208080e-21
2.016642e+03	5.173373e-21
2.036650e+03	5.141360e-21
2.056659e+03	5.109346e-21
2.076667e+03	5.077333e-21
2.096675e+03	5.045319e-21
2.116684e+03	5.013306e-21
2.136692e+03	4.981293e-21
2.156701e+03	4.949279e-21
2.176709e+03	4.917266e-21
2.196717e+03	4.885252e-21
2.216726e+03	4.853239e-21
2.236734e+03	4.821225e-21
2.256743e+03	4.789212e-21
2.276751e+03	4.757198e-21
2.296760e+03	4.725185e-21
2.316768e+03	4.693171e-21
2.336776e+03	4.661158e-21
2.356785e+03	4.629144e-21
2.376793e+03	4.597131e-21
2.396802e+03	4.565117e-21
2.416810e+03	4.533104e-21
2.436818e+03	4.501091e-21
2.456827e+03	4.469077e-21
2.476835e+03	4.437064e-21
2.496844e+03	4.405050e-21
2.516852e+03	4.373037e-21
2.536861e+03	4.341023e-21
2.556869e+03	4.309010e-21
2.576877e+03	4.276996e-21
2.596886e+03	4.244983e-21
2.616894e+03	4.212969e-21
2.636903e+03	4.180956e-21
2.656911e+03	4.148942e-21
2.676919e+03	4.116929e-21
2.696928e+03	4.084915e-21
2.716936e+03	4.052902e-21
2.736945e+03	4.020888e-21
2.756953e+03	3.988875e-21
2.776962e+03	3.956862e-21
2.796970e+03	3.924848e-21
2.816978e+03	3.892835e-21
2.836987e+03	3.860821e-21
2.856995e+03	3.828808e-21
2.877004e+03	3.796794e-21
2.897012e+03	3.764781e-21
2.917020e+03	3.732767e-21
2.937029e+03	3.700754e-21
2.957037e+03	3.668740e-21
2.977046e+03	3.636727e-21
2.997054e+03	3.604713e-21
3.017063e+03	3.589762e-21
3.037071e+03	3.577757e-21
3.057079e+03	3.565752e-21
3.077088e+03	3.553747e-21
3.097096e+03	3.541742e-21
3.117105e+03	3.529737e-21
3.137113e+03	3.517732e-21
3.157121e+03	3.505727e-21
3.177130e+03	3.493722e-21
3.197138e+03	3.481717e-21
3.217147e+03	3.469712e-21
3.237155e+03	3.457707e-21
3.257164e+03	3.445702e-21
3.277172e+03	3.433697e-21
3.297180e+03	3.421692e-21
3.317189e+03	3.409687e-21
3.337197e+03	3.397682e-21
3.357206e+03	3.385677e-21
3.377214e+03	3.373672e-21
3.397222e+03	3.361667e-21
3.417231e+03	3.349661e-21
3.437239e+03	3.337656e-21
3.457248e+03	3.325651e-21
3.477256e+03	3.313646e-21
3.497265e+03	3.301641e-21
3.517273e+03	3.289636e-21
3.537281e+03	3.277631e-21
3.557290e+03	3.265626e-21
3.577298e+03	3.253621e-21
3.597307e+03	3.241616e-21
3.617315e+03	3.229611e-21
3.637323e+03	3.217606e-21
3.657332e+03	3.205601e-21
3.677340e+03	3.193596e-21
3.697349e+03	3.181591e-21
3.717357e+03	3.169586e-21
3.737366e+03	3.157581e-21
3.757374e+03	3.145576e-21
3.777382e+03	3.133571e-21
3.797391e+03	3.121566e-21
3.817399e+03	3.109560e-21
3.837408e+03	3.097555e-21
3.857416e+03	3.085550e-21
3.877424e+03	3.073545e-21
3.897433e+03	3.061540e-21
3.917441e+03	3.049535e-21
3.937450e+03	3.037530e-21
3.957458e+03	3.025525e-21
3.977467e+03	3.013520e-21
3.997475e+03	3.001515e-21
4.017483e+03	2.989510e-21
4.037492e+03	2.977505e-21
4.057500e+03	2.965500e-21
4.077509e+03	2.953495e-21
4.097517e+03	2.941490e-21
4.117525e+03	2.929485e-21
4.137534e+03	2.917480e-21
4.157542e+03	2.905475e-21
4.177551e+03	2.893470e-21
4.197559e+03	2.881465e-21
4.217568e+03	2.869459e-21
4.237576e+03	2.857454e-21
4.257584e+03	2.845449e-21
4.277593e+03	2.833444e-21
4.297601e+03	2.821439e-21
4.317610e+03	2.809434e-21
4.337618e+03	2.797429e-21
4.357626e+03	2.785424e-21
4.377635e+03	2.773419e-21
4.397643e+03	2.761414e-21
4.417652e+03	2.749409e-21
4.437660e+03	2.737404e-21
4.457669e+03	2.725399e-21
4.477677e+03	2.713394e-21
4.497685e+03	2.701389e-21
4.517694e+03	2.689384e-21
4.537702e+03	2.677379e-21
4.557711e+03	2.665374e-21
4.577719e+03	2.653369e-21
4.597727e+03	2.641364e-21
4.617736e+03	2.629358e-21
4.637744e+03	2.617353e-21
4.657753e+03	2.605348e-21
4.677761e+03	2.593343e-21
4.697770e+03	2.581338e-21
4.717778e+03	2.569333e-21
4.737786e+03	2.557328e-21
4.757795e+03	2.545323e-21
4.777803e+03	2.533318e-21
4.797812e+03	2.521313e-21
4.817820e+03	2.509308e-21
4.837828e+03	2.497303e-21
4.857837e+03	2.485298e-21
4.877845e+03	2.473293e-21
4.897854e+03	2.461288e-21
4.917862e+03	2.449283e-21
4.937871e+03	2.437278e-21
4.957879e+03	2.425273e-21
4.977887e+03	2.413268e-21
4.997896e+03	2.401263e-21
5.017904e+03	2.394629e-21
5.037913e+03	2.388626e-21
5.057921e+03	2.382624e-21
5.077929e+03	2.376621e-21
5.097938e+03	2.370619e-21
5.117946e+03	2.364616e-21
5.137955e+03	2.358614e-21
5.157963e+03	2.352611e-21
5.177972e+03	2.346609e-21
5.197980e+03	2.340606e-21
5.217988e+03	2.334603e-21
5.237997e+03	2.328601e-21
5.258005e+03	2.322598e-21
5.278014e+03	2.316596e-21
5.298022e+03	2.310593e-21
5.318030e+03	2.304591e-21
5.338039e+03	2.298588e-21
5.358047e+03	2.292586e-21
5.378056e+03	2.286583e-21
5.398064e+03	2.280581e-21
5.418073e+03	2.274578e-21
5.438081e+03	2.268576e-21
5.458089e+03	2.262573e-21
5.478098e+03	2.256571e-21
5.498106e+03	2.250568e-21
5.518115e+03	2.244566e-21
5.538123e+03	2.238563e-21
5.558131e+03	2.232561e-21
5.578140e+03	2.226558e-21
5.598148e+03	2.220556e-21
5.618157e+03	2.214553e-21
5.638165e+03	2.208550e-21
5.658174e+03	2.202548e-21
5.678182e+03	2.196545e-21
5.698190e+03	2.190543e-21
5.718199e+03	2.184540e-21
5.738207e+03	2.178538e-21
5.758216e+03	2.172535e-21
5.778224e+03	2.166533e-21
5.798232e+03	2.160530e-21
5.818241e+03	2.154528e-21
5.838249e+03	2.148525e-21
5.858258e+03	2.142523e-21
5.878266e+03	2.136520e-21
5.898275e+03	2.130518e-21
5.918283e+03	2.124515e-21
5.938291e+03	2.118513e-21
5.958300e+03	2.112510e-21
5.978308e+03	2.106508e-21
5.998317e+03	2.100505e-21
6.018325e+03	2.094502e-21
6.038333e+03	2.088500e-21
6.058342e+03	2.082497e-21
6.078350e+03	2.076495e-21
6.098359e+03	2.070492e-21
6.118367e+03	2.064490e-21
6.138376e+03	2.058487e-21
6.158384e+03	2.052485e-21
6.178392e+03	2.046482e-21
6.198401e+03	2.040480e-21
6.218409e+03	2.034477e-21
6.238418e+03	2.028475e-21
6.258426e+03	2.022472e-21
6.278434e+03	2.016470e-21
6.298443e+03	2.010467e-21
6.318451e+03	2.004465e-21
6.338460e+03	1.998462e-21
6.358468e+03	1.992460e-21
6.378477e+03	1.986457e-21
6.398485e+03	1.980455e-21
6.418493e+03	1.974452e-21
6.438502e+03	1.968449e-21
6.458510e+03	1.962447e-21
6.478519e+03	1.956444e-21
6.498527e+03	1.950442e-21
6.518535e+03	1.944439e-21
6.538544e+03	1.938437e-21
6.558552e+03	1.932434e-21
6.578561e+03	1.926432e-21
6.598569e+03	1.920429e-21
6.618578e+03	1.914427e-21
6.638586e+03	1.908424e-21
6.658594e+03	1.902422e-21
6.678603e+03	1.896419e-21
6.698611e+03	1.890417e-21
6.718620e+03	1.884414e-21
6.738628e+03	1.878412e-21
6.758636e+03	1.872409e-21
6.778645e+03	1.866407e-21
6.798653e+03	1.860404e-21
6.818662e+03	1.854401e-21
6.838670e+03	1.848399e-21
6.858679e+03	1.842396e-21
6.878687e+03	1.836394e-21
6.898695e+03	1.830391e-21
6.918704e+03	1.824389e-21
6.938712e+03	1.818386e-21
6.958721e+03	1.812384e-21
6.978729e+03	1.806381e-21
6.998737e+03	1.800379e-21
7.018746e+03	1.797188e-21
7.038754e+03	1.794187e-21
7.058763e+03	1.791186e-21
7.078771e+03	1.788184e-21
7.098780e+03	1.785183e-21
7.118788e+03	1.782182e-21
7.138796e+03	1.779181e-21
7.158805e+03	1.776179e-21
7.178813e+03	1.773178e-21
7.198822e+03	1.770177e-21
7.218830e+03	1.767175e-21
7.238838e+03	1.764174e-21
7.258847e+03	1.761173e-21
7.278855e+03	1.758172e-21
7.298864e+03	1.755170e-21
7.318872e+03	1.752169e-21
7.338881e+03	1.749168e-21
7.358889e+03	1.746167e-21
7.378897e+03	1.743165e-21
7.398906e+03	1.740164e-21
7.418914e+03	1.737163e-21
7.438923e+03	1.734162e-21
7.458931e+03	1.731160e-21
7.478939e+03	1.728159e-21
7.498948e+03	1.725158e-21
7.518956e+03	1.722157e-21
7.538965e+03	1.719155e-21
7.558973e+03	1.716154e-21
7.578982e+03	1.713153e-21
7.598990e+03	1.710152e-21
7.618998e+03	1.707150e-21
7.639007e+03	1.704149e-21
7.659015e+03	1.701148e-21
7.679024e+03	1.698146e-21
7.699032e+03	1.695145e-21
7.719040e+03	1.692144e-21
7.739049e+03	1.689143e-21
7.759057e+03	1.686141e-21
7.779066e+03	1.683140e-21
7.799074e+03	1.680139e-21
7.819083e+03	1.677138e-21
7.839091e+03	1.674136e-21
7.859099e+03	1.671135e-21
7.879108e+03	1.668134e-21
7.899116e+03	1.665133e-21
7.919125e+03	1.662131e-21
7.939133e+03	1.659130e-21
7.959141e+03	1.656129e-21
7.979150e+03	1.653128e-21
7.999158e+03	1.650126e-21
8.019167e+03	1.647125e-21
8.039175e+03	1.644124e-21
8.059184e+03	1.641122e-21
8.079192e+03	1.638121e-21
8.099200e+03	1.635120e-21
8.119209e+03	1.632119e-21
8.139217e+03	1.629117e-21
8.159226e+03	1.626116e-21
8.179234e+03	1.623115e-21
8.199242e+03	1.620114e-21
8.219251e+03	1.617112e-21
8.239259e+03	1.614111e-21
8.259268e+03	1.611110e-21
8.279276e+03	1.608109e-21
8.299285e+03	1.605107e-21
8.319293e+03	1.602106e-21
8.339301e+03	1.599105e-21
8.359310e+03	1.596104e-21
8.379318e+03	1.593102e-21
8.399327e+03	1.590101e-21
8.419335e+03	1.587100e-21
8.439343e+03	1.584098e-21
8.459352e+03	1.581097e-21
8.479360e+03	1.578096e-21
8.499369e+03	1.575095e-21
8.519377e+03	1.572093e-21
8.539386e+03	1.569092e-21
8.559394e+03	1.566091e-21
8.579402e+03	1.563090e-21
8.599411e+03	1.560088e-21
8.619419e+03	1.557087e-21
8.639428e+03	1.554086e-21
8.659436e+03	1.551085e-21
8.679444e+03	1.548083e-21
8.699453e+03	1.545082e-21
8.719461e+03	1.542081e-21
8.739470e+03	1.539080e-21
8.759478e+03	1.536078e-21
8.779487e+03	1.533077e-21
8.799495e+03	1.530076e-21
8.819503e+03	1.527074e-21
8.839512e+03	1.524073e-21
8.859520e+03	1.521072e-21
8.879529e+03	1.518071e-21
8.899537e+03	1.515069e-21
8.919545e+03	1.512068e-21
8.939554e+03	1.509067e-21
8.959562e+03	1.506066e-21
8.979571e+03	1.503064e-21
8.999579e+03	1.500063e-21
9.019588e+03	1.497062e-21
9.039596e+03	1.494061e-21
9.059604e+03	1.491059e-21
9.079613e+03	1.488058e-21
9.099621e+03	1.485057e-21
9.119630e+03	1.482056e-21
9.139638e+03	1.479054e-21
9.159646e+03	1.476053e-21
9.179655e+03	1.473052e-21
9.199663e+03	1.470051e-21
9.219672e+03	1.467049e-21
9.239680e+03	1.464048e-21
9.259689e+03	1.461047e-21
9.279697e+03	1.458045e-21
9.299705e+03	1.455044e-21
9.319714e+03	1.452043e-21
9.339722e+03	1.449042e-21
9.359731e+03	1.446040e-21
9.379739e+03	1.443039e-21
9.399747e+03	1.440038e-21
9.419756e+03	1.437037e-21
9.439764e+03	1.434035e-21
9.459773e+03	1.431034e-21
9.479781e+03	1.428033e-21
9.499790e+03	1.425032e-21
9.519798e+03	1.422030e-21
9.539806e+03	1.419029e-21
9.559815e+03	1.416028e-21
9.579823e+03	1.413027e-21
9.599832e+03	1.410025e-21
9.619840e+03	1.407024e-21
9.639848e+03	1.404023e-21
9.659857e+03	1.401021e-21
9.679865e+03	1.398020e-21
9.699874e+03	1.395019e-21
9.719882e+03	1.392018e-21
9.739891e+03	1.389016e-21
9.759899e+03	1.386015e-21
9.779907e+03	1.383014e-21
9.799916e+03	1.380013e-21
9.819924e+03	1.377011e-21
9.839933e+03	1.374010e-21
9.859941e+03	1.371009e-21
9.879949e+03	1.368008e-21
9.899958e+03	1.365006e-21
9.919966e+03	1.362005e-21
9.939975e+03	1.359004e-21
9.959983e+03	1.356003e-21
9.979992e+03	1.353001e-21
1.000000e+04	1.350000e-21

