15.8	0
18.2605	2.03133833333333e-21
20.721	5.72476e-21
23.1815	9.56314e-21
25.642	1.31704e-20
28.1025	1.6123e-20
30.563	1.887292e-20
33.0235	2.093974e-20
35.484	2.288072e-20
37.9445	2.430781e-20
40.405	2.55891e-20
42.8655	2.613041e-20
45.326	2.664564e-20
47.7865	2.699011e-20
50.247	2.731976e-20
52.7075	2.75166e-20
55.168	2.772352e-20
57.6285	2.806799e-20
60.089	2.841246e-20
62.5495	2.875693e-20
65.01	2.9101e-20
67.4705	2.934705e-20
69.931	2.95931e-20
72.3915	2.964783e-20
74.852	2.969704e-20
77.3125	2.99775e-20
79.773	3.027276e-20
82.2335	3.043401e-20
84.694	3.058164e-20
87.1545	3.06e-20
89.615	3.06e-20
92.0755	3.055849e-20
94.536	3.050928e-20
96.9965	3.038021e-20
99.457	3.023258e-20
101.9175	3.016165e-20
104.378	3.011244e-20
106.8385	3.006323e-20
109.299	3.001402e-20
111.7595	2.9876835e-20
114.22	2.97046e-20
116.6805	2.9532365e-20
119.141	2.936013e-20
121.6015	2.920391e-20
124.062	2.905628e-20
126.5225	2.890865e-20
128.983	2.876102e-20
131.4435	2.861339e-20
133.904	2.846576e-20
136.3645	2.831813e-20
138.825	2.81705e-20
141.2855	2.80292975e-20
143.746	2.789397e-20
146.2065	2.77586425e-20
148.667	2.7623315e-20
151.1275	2.74879875e-20
153.588	2.735266e-20
156.0485	2.72173325e-20
158.509	2.7082005e-20
160.9695	2.6951525e-20
163.43	2.68285e-20
165.8905	2.6705475e-20
168.351	2.658245e-20
170.8115	2.6459425e-20
173.272	2.63364e-20
175.7325	2.6213375e-20
178.193	2.609035e-20
180.6535	2.59640575e-20
183.114	2.582873e-20
185.5745	2.56934025e-20
188.035	2.5558075e-20
190.4955	2.54227475e-20
192.956	2.528742e-20
195.4165	2.51520925e-20
197.877	2.5016765e-20
200.3375	2.48838e-20
202.798	2.4765696e-20
205.2585	2.4647592e-20
207.719	2.4529488e-20
210.1795	2.4411384e-20
212.64	2.429328e-20
215.1005	2.4175176e-20
217.561	2.4057072e-20
220.0215	2.3938968e-20
222.482	2.3820864e-20
224.9425	2.370276e-20
227.403	2.3584656e-20
229.8635	2.3466552e-20
232.324	2.3348448e-20
234.7845	2.3230344e-20
237.245	2.311224e-20
239.7055	2.2994136e-20
242.166	2.2876032e-20
244.6265	2.2757928e-20
247.087	2.2639824e-20
249.5475	2.252172e-20
252.008	2.2387552e-20
254.4685	2.2249764e-20
256.929	2.2111976e-20
259.3895	2.1974188e-20
261.85	2.18364e-20
264.3105	2.1698612e-20
266.771	2.1560824e-20
269.2315	2.1423036e-20
271.692	2.1285248e-20
274.1525	2.114746e-20
276.613	2.1041932e-20
279.0735	2.0953354e-20
281.534	2.0864776e-20
283.9945	2.0776198e-20
286.455	2.068762e-20
288.9155	2.0599042e-20
291.376	2.0510464e-20
293.8365	2.0421886e-20
296.297	2.0333308e-20
298.7575	2.024473e-20
301.218	2.0156152e-20
303.6785	2.0067574e-20
306.139	1.9978996e-20
308.5995	1.9890418e-20
311.06	1.980184e-20
313.5205	1.9713262e-20
315.981	1.9624684e-20
318.4415	1.9536106e-20
320.902	1.9447528e-20
323.3625	1.935895e-20
325.823	1.9270372e-20
328.2835	1.9181794e-20
330.744	1.9093216e-20
333.2045	1.9004638e-20
335.665	1.891606e-20
338.1255	1.8827482e-20
340.586	1.8738904e-20
343.0465	1.8650326e-20
345.507	1.8561748e-20
347.9675	1.847317e-20
350.428	1.8388872e-20
352.8885	1.8324899e-20
355.349	1.8260926e-20
357.8095	1.8196953e-20
360.27	1.813298e-20
362.7305	1.8069007e-20
365.191	1.8005034e-20
367.6515	1.7941061e-20
370.112	1.7877088e-20
372.5725	1.7813115e-20
375.033	1.7749142e-20
377.4935	1.7685169e-20
379.954	1.7621196e-20
382.4145	1.7557223e-20
384.875	1.749325e-20
387.3355	1.7429277e-20
389.796	1.7365304e-20
392.2565	1.7301331e-20
394.717	1.7237358e-20
397.1775	1.7173385e-20
399.638	1.7109412e-20
402.0985	1.7041242e-20
404.559	1.6972348e-20
407.0195	1.6903454e-20
409.48	1.683456e-20
411.9405	1.6765666e-20
414.401	1.6696772e-20
416.8615	1.6627878e-20
419.322	1.6558984e-20
421.7825	1.649009e-20
424.243	1.6421196e-20
426.7035	1.6352302e-20
429.164	1.6283408e-20
431.6245	1.6214514e-20
434.085	1.614562e-20
436.5455	1.6076726e-20
439.006	1.6007832e-20
441.4665	1.5938938e-20
443.927	1.5870044e-20
446.3875	1.580115e-20
448.848	1.5732256e-20
451.3085	1.567383e-20
453.769	1.562462e-20
456.2295	1.557541e-20
458.69	1.55262e-20
461.1505	1.547699e-20
463.611	1.542778e-20
466.0715	1.537857e-20
468.532	1.532936e-20
470.9925	1.528015e-20
473.453	1.523094e-20
475.9135	1.518173e-20
478.374	1.513252e-20
480.8345	1.508331e-20
483.295	1.50341e-20
485.7555	1.498489e-20
488.216	1.493568e-20
490.6765	1.488647e-20
493.137	1.483726e-20
495.5975	1.478805e-20
498.058	1.473884e-20
500.5185	1.4690667e-20
502.979	1.4646378e-20
505.4395	1.4602089e-20
507.9	1.45578e-20
510.3605	1.4513511e-20
512.821	1.4469222e-20
515.2815	1.4424933e-20
517.742	1.4380644e-20
520.2025	1.4336355e-20
522.663	1.4292066e-20
525.1235	1.4247777e-20
527.584	1.4203488e-20
530.0445	1.4159199e-20
532.505	1.411491e-20
534.9655	1.4070621e-20
537.426	1.4026332e-20
539.8865	1.3982043e-20
542.347	1.3937754e-20
544.8075	1.3893465e-20
547.268	1.3849176e-20
549.7285	1.3804887e-20
552.189	1.3764976e-20
554.6495	1.3725608e-20
557.11	1.368624e-20
559.5705	1.3646872e-20
562.031	1.3607504e-20
564.4915	1.3568136e-20
566.952	1.3528768e-20
569.4125	1.34894e-20
571.873	1.3450032e-20
574.3335	1.3410664e-20
576.794	1.3371296e-20
579.2545	1.3331928e-20
581.715	1.329256e-20
584.1755	1.3253192e-20
586.636	1.3213824e-20
589.0965	1.3174456e-20
591.557	1.3135088e-20
594.0175	1.309572e-20
596.478	1.3056352e-20
598.9385	1.3016984e-20
601.399	1.2980414e-20
603.8595	1.2945967e-20
606.32	1.291152e-20
608.7805	1.2877073e-20
611.241	1.2842626e-20
613.7015	1.2808179e-20
616.162	1.2773732e-20
618.6225	1.2739285e-20
621.083	1.2704838e-20
623.5435	1.2670391e-20
626.004	1.2635944e-20
628.4645	1.2601497e-20
630.925	1.256705e-20
633.3855	1.2532603e-20
635.846	1.2498156e-20
638.3065	1.2463709e-20
640.767	1.2429262e-20
643.2275	1.2394815e-20
645.688	1.2360368e-20
648.1485	1.2325921e-20
650.609	1.2291474e-20
653.0695	1.2257027e-20
655.53	1.222258e-20
657.9905	1.2188133e-20
660.451	1.2153686e-20
662.9115	1.2119239e-20
665.372	1.2084792e-20
667.8325	1.2050345e-20
670.293	1.2015898e-20
672.7535	1.1981451e-20
675.214	1.1947004e-20
677.6745	1.1912557e-20
680.135	1.187811e-20
682.5955	1.1843663e-20
685.056	1.1809216e-20
687.5165	1.1774769e-20
689.977	1.1740322e-20
692.4375	1.1705875e-20
694.898	1.1671428e-20
697.3585	1.1636981e-20
699.819	1.1602534e-20
702.2795	1.1572646e-20
704.74	1.154312e-20
707.2005	1.1513594e-20
709.661	1.1484068e-20
712.1215	1.1454542e-20
714.582	1.1425016e-20
717.0425	1.139549e-20
719.503	1.1365964e-20
721.9635	1.1336438e-20
724.424	1.1306912e-20
726.8845	1.1277386e-20
729.345	1.124786e-20
731.8055	1.1218334e-20
734.266	1.1188808e-20
736.7265	1.1159282e-20
739.187	1.1129756e-20
741.6475	1.110023e-20
744.108	1.1070704e-20
746.5685	1.1041178e-20
749.029	1.1011652e-20
751.4895	1.0985105e-20
753.95	1.09605e-20
756.4105	1.0935895e-20
758.871	1.091129e-20
761.3315	1.0886685e-20
763.792	1.086208e-20
766.2525	1.0837475e-20
768.713	1.081287e-20
771.1735	1.0788265e-20
773.634	1.076366e-20
776.0945	1.0739055e-20
778.555	1.071445e-20
781.0155	1.0689845e-20
783.476	1.066524e-20
785.9365	1.0640635e-20
788.397	1.061603e-20
790.8575	1.0591425e-20
793.318	1.056682e-20
795.7785	1.0542215e-20
798.239	1.051761e-20
800.6995	1.0494404e-20
803.16	1.047472e-20
805.6205	1.0455036e-20
808.081	1.0435352e-20
810.5415	1.0415668e-20
813.002	1.0395984e-20
815.4625	1.03763e-20
817.923	1.0356616e-20
820.3835	1.0336932e-20
822.844	1.0317248e-20
825.3045	1.0297564e-20
827.765	1.027788e-20
830.2255	1.0258196e-20
832.686	1.0238512e-20
835.1465	1.0218828e-20
837.607	1.0199144e-20
840.0675	1.017946e-20
842.528	1.0159776e-20
844.9885	1.0140092e-20
847.449	1.0120408e-20
849.9095	1.0100724e-20
852.37	1.0082462e-20
854.8305	1.00642543e-20
857.291	1.00460466e-20
859.7515	1.00278389e-20
862.212	1.00096312e-20
864.6725	9.9914235e-21
867.133	9.9732158e-21
869.5935	9.9550081e-21
872.054	9.9368004e-21
874.5145	9.9185927e-21
876.975	9.900385e-21
879.4355	9.8821773e-21
881.896	9.8639696e-21
884.3565	9.8457619e-21
886.817	9.8275542e-21
889.2775	9.8093465e-21
891.738	9.7911388e-21
894.1985	9.7729311e-21
896.659	9.7547234e-21
899.1195	9.7365157e-21
901.58	9.715464e-21
904.0405	9.6928274e-21
906.501	9.6701908e-21
908.9615	9.6475542e-21
911.422	9.6249176e-21
913.8825	9.602281e-21
916.343	9.5796444e-21
918.8035	9.5570078e-21
921.264	9.5343712e-21
923.7245	9.5117346e-21
926.185	9.489098e-21
928.6455	9.4664614e-21
931.106	9.4438248e-21
933.5665	9.4211882e-21
936.027	9.3985516e-21
938.4875	9.375915e-21
940.948	9.3532784e-21
943.4085	9.3306418e-21
945.869	9.3080052e-21
948.3295	9.2853686e-21
950.79	9.264944e-21
953.2505	9.2491968e-21
955.711	9.2334496e-21
958.1715	9.2177024e-21
960.632	9.2019552e-21
963.0925	9.186208e-21
965.553	9.1704608e-21
968.0135	9.1547136e-21
970.474	9.1389664e-21
972.9345	9.1232192e-21
975.395	9.107472e-21
977.8555	9.0917248e-21
980.316	9.0759776e-21
982.7765	9.0602304e-21
985.237	9.0444832e-21
987.6975	9.028736e-21
990.158	9.0129888e-21
992.6185	8.9972416e-21
995.079	8.9814944e-21
997.5395	8.9657472e-21
1000	8.95e-21
