0.47819	1.1640999999999999e-20
1.09023	2.04826e-20
1.84434	2.94849e-20
2.30337	3.84873e-20
2.91541	5.18301e-20
3.82254	7.192469999999999e-20
4.72967	9.426989999999999e-20
5.95374	1.211162e-19
7.16689	1.524638e-19
8.38003	1.793101e-19
9.74619	2.0840710000000001e-19
10.81725	2.307523e-19
11.57137	2.418445e-19
12.48943	2.463457e-19
13.24355	2.440951e-19
13.70257	2.418445e-19
14.31461	2.3734329999999997e-19
15.52776	2.2400049999999997e-19
17.04692	2.0840710000000001e-19
18.41308	1.9715409999999997e-19
19.48414	1.860619e-19
21.75743	1.6355599999999997e-19
24.34766	1.479626e-19
26.01983	1.368704e-19
27.84501	1.3011859999999999e-19
29.6702	1.211162e-19
32.2495	1.1452519999999998e-19
34.68672	1.10024e-19
35.89987	1.10024e-19
4.008016e+01	7.812625e-20
6.012024e+01	6.474950e-20
8.016032e+01	5.726152e-20
1.002004e+02	5.245952e-20
1.202405e+02	4.841142e-20
1.402806e+02	4.436333e-20
1.603206e+02	4.140922e-20
1.803607e+02	3.948537e-20
2.004008e+02	3.757034e-20
2.204409e+02	3.608737e-20
2.404810e+02	3.460441e-20
2.605210e+02	3.312144e-20
2.805611e+02	3.163848e-20
3.006012e+02	3.017234e-20
3.206413e+02	2.925050e-20
3.406814e+02	2.832866e-20
3.607214e+02	2.740681e-20
3.807615e+02	2.648497e-20
4.008016e+02	2.556313e-20
4.208417e+02	2.464128e-20
4.408818e+02	2.371944e-20
4.609218e+02	2.279760e-20
4.809619e+02	2.187575e-20
5.010020e+02	2.097695e-20
5.210421e+02	2.051603e-20
5.410822e+02	2.005511e-20
5.611222e+02	1.959419e-20
5.811623e+02	1.913327e-20
6.012024e+02	1.867234e-20
6.212425e+02	1.821142e-20
6.412826e+02	1.775050e-20
6.613226e+02	1.728958e-20
6.813627e+02	1.682866e-20
7.014028e+02	1.637989e-20
7.214429e+02	1.609265e-20
7.414830e+02	1.580541e-20
7.615230e+02	1.551817e-20
7.815631e+02	1.523093e-20
8.016032e+02	1.494369e-20
8.216433e+02	1.465645e-20
8.416834e+02	1.436921e-20
8.617234e+02	1.408196e-20
8.817635e+02	1.379472e-20
9.018036e+02	1.350748e-20
9.218437e+02	1.322024e-20
9.418838e+02	1.293300e-20
9.619238e+02	1.264576e-20
9.819639e+02	1.235852e-20
1.002004e+03	1.208677e-20
1.022044e+03	1.195451e-20
1.042084e+03	1.182224e-20
1.062124e+03	1.168998e-20
1.082164e+03	1.155772e-20
1.102204e+03	1.142545e-20
1.122244e+03	1.129319e-20
1.142285e+03	1.116092e-20
1.162325e+03	1.102866e-20
1.182365e+03	1.089639e-20
1.202405e+03	1.076413e-20
1.222445e+03	1.063186e-20
1.242485e+03	1.049960e-20
1.262525e+03	1.036733e-20
1.282565e+03	1.023507e-20
1.302605e+03	1.010281e-20
1.322645e+03	9.970541e-21
1.342685e+03	9.838277e-21
1.362725e+03	9.706012e-21
1.382766e+03	9.573747e-21
1.402806e+03	9.441483e-21
1.422846e+03	9.309218e-21
1.442886e+03	9.176954e-21
1.462926e+03	9.044689e-21
1.482966e+03	8.912425e-21
1.503006e+03	8.786774e-21
1.523046e+03	8.698597e-21
1.543086e+03	8.610421e-21
1.563126e+03	8.522244e-21
1.583166e+03	8.434068e-21
1.603206e+03	8.345892e-21
1.623246e+03	8.257715e-21
1.643287e+03	8.169539e-21
1.663327e+03	8.081363e-21
1.683367e+03	7.993186e-21
1.703407e+03	7.905010e-21
1.723447e+03	7.816834e-21
1.743487e+03	7.728657e-21
1.763527e+03	7.640481e-21
1.783567e+03	7.552305e-21
1.803607e+03	7.464128e-21
1.823647e+03	7.375952e-21
1.843687e+03	7.287776e-21
1.863727e+03	7.199599e-21
1.883768e+03	7.111423e-21
1.903808e+03	7.023246e-21
1.923848e+03	6.935070e-21
1.943888e+03	6.846894e-21
1.963928e+03	6.758717e-21
1.983968e+03	6.670541e-21
2.004008e+03	6.591583e-21
2.024048e+03	6.549499e-21
2.044088e+03	6.507415e-21
2.064128e+03	6.465331e-21
2.084168e+03	6.423246e-21
2.104208e+03	6.381162e-21
2.124248e+03	6.339078e-21
2.144289e+03	6.296994e-21
2.164329e+03	6.254910e-21
2.184369e+03	6.212826e-21
2.204409e+03	6.170741e-21
2.224449e+03	6.128657e-21
2.244489e+03	6.086573e-21
2.264529e+03	6.044489e-21
2.284569e+03	6.002405e-21
2.304609e+03	5.960321e-21
2.324649e+03	5.918236e-21
2.344689e+03	5.876152e-21
2.364729e+03	5.834068e-21
2.384770e+03	5.791984e-21
2.404810e+03	5.749900e-21
2.424850e+03	5.707816e-21
2.444890e+03	5.665731e-21
2.464930e+03	5.623647e-21
2.484970e+03	5.581563e-21
2.505010e+03	5.539479e-21
2.525050e+03	5.497395e-21
2.545090e+03	5.455311e-21
2.565130e+03	5.413226e-21
2.585170e+03	5.371142e-21
2.605210e+03	5.329058e-21
2.625251e+03	5.286974e-21
2.645291e+03	5.244890e-21
2.665331e+03	5.202806e-21
2.685371e+03	5.160721e-21
2.705411e+03	5.118637e-21
2.725451e+03	5.076553e-21
2.745491e+03	5.034469e-21
2.765531e+03	4.992385e-21
2.785571e+03	4.950301e-21
2.805611e+03	4.908216e-21
2.825651e+03	4.866132e-21
2.845691e+03	4.824048e-21
2.865731e+03	4.781964e-21
2.885772e+03	4.739880e-21
2.905812e+03	4.697796e-21
2.925852e+03	4.655711e-21
2.945892e+03	4.613627e-21
2.965932e+03	4.571543e-21
2.985972e+03	4.529459e-21
3.006012e+03	4.495792e-21
3.026052e+03	4.481764e-21
3.046092e+03	4.467735e-21
3.066132e+03	4.453707e-21
3.086172e+03	4.439679e-21
3.106212e+03	4.425651e-21
3.126253e+03	4.411623e-21
3.146293e+03	4.397595e-21
3.166333e+03	4.383567e-21
3.186373e+03	4.369539e-21
3.206413e+03	4.355511e-21
3.226453e+03	4.341483e-21
3.246493e+03	4.327455e-21
3.266533e+03	4.313427e-21
3.286573e+03	4.299399e-21
3.306613e+03	4.285371e-21
3.326653e+03	4.271343e-21
3.346693e+03	4.257315e-21
3.366733e+03	4.243287e-21
3.386774e+03	4.229259e-21
3.406814e+03	4.215230e-21
3.426854e+03	4.201202e-21
3.446894e+03	4.187174e-21
3.466934e+03	4.173146e-21
3.486974e+03	4.159118e-21
3.507014e+03	4.145090e-21
3.527054e+03	4.131062e-21
3.547094e+03	4.117034e-21
3.567134e+03	4.103006e-21
3.587174e+03	4.088978e-21
3.607214e+03	4.074950e-21
3.627255e+03	4.060922e-21
3.647295e+03	4.046894e-21
3.667335e+03	4.032866e-21
3.687375e+03	4.018838e-21
3.707415e+03	4.004810e-21
3.727455e+03	3.990782e-21
3.747495e+03	3.976754e-21
3.767535e+03	3.962725e-21
3.787575e+03	3.948697e-21
3.807615e+03	3.934669e-21
3.827655e+03	3.920641e-21
3.847695e+03	3.906613e-21
3.867735e+03	3.892585e-21
3.887776e+03	3.878557e-21
3.907816e+03	3.864529e-21
3.927856e+03	3.850501e-21
3.947896e+03	3.836473e-21
3.967936e+03	3.822445e-21
3.987976e+03	3.808417e-21
4.008016e+03	3.794389e-21
4.028056e+03	3.780361e-21
4.048096e+03	3.766333e-21
4.068136e+03	3.752305e-21
4.088176e+03	3.738277e-21
4.108216e+03	3.724248e-21
4.128257e+03	3.710220e-21
4.148297e+03	3.696192e-21
4.168337e+03	3.682164e-21
4.188377e+03	3.668136e-21
4.208417e+03	3.654108e-21
4.228457e+03	3.640080e-21
4.248497e+03	3.626052e-21
4.268537e+03	3.612024e-21
4.288577e+03	3.597996e-21
4.308617e+03	3.583968e-21
4.328657e+03	3.569940e-21
4.348697e+03	3.555912e-21
4.368737e+03	3.541884e-21
4.388778e+03	3.527856e-21
4.408818e+03	3.513828e-21
4.428858e+03	3.499800e-21
4.448898e+03	3.485772e-21
4.468938e+03	3.471743e-21
4.488978e+03	3.457715e-21
4.509018e+03	3.443687e-21
4.529058e+03	3.429659e-21
4.549098e+03	3.415631e-21
4.569138e+03	3.401603e-21
4.589178e+03	3.387575e-21
4.609218e+03	3.373547e-21
4.629259e+03	3.359519e-21
4.649299e+03	3.345491e-21
4.669339e+03	3.331463e-21
4.689379e+03	3.317435e-21
4.709419e+03	3.303407e-21
4.729459e+03	3.289379e-21
4.749499e+03	3.275351e-21
4.769539e+03	3.261323e-21
4.789579e+03	3.247295e-21
4.809619e+03	3.233267e-21
4.829659e+03	3.219238e-21
4.849699e+03	3.205210e-21
4.869739e+03	3.191182e-21
4.889780e+03	3.177154e-21
4.909820e+03	3.163126e-21
4.929860e+03	3.149098e-21
4.949900e+03	3.135070e-21
4.969940e+03	3.121042e-21
4.989980e+03	3.107014e-21
5.010020e+03	3.095992e-21
5.030060e+03	3.087976e-21
5.050100e+03	3.079960e-21
5.070140e+03	3.071944e-21
5.090180e+03	3.063928e-21
5.110220e+03	3.055912e-21
5.130261e+03	3.047896e-21
5.150301e+03	3.039880e-21
5.170341e+03	3.031864e-21
5.190381e+03	3.023848e-21
5.210421e+03	3.015832e-21
5.230461e+03	3.007816e-21
5.250501e+03	2.999800e-21
5.270541e+03	2.991784e-21
5.290581e+03	2.983768e-21
5.310621e+03	2.975752e-21
5.330661e+03	2.967735e-21
5.350701e+03	2.959719e-21
5.370741e+03	2.951703e-21
5.390782e+03	2.943687e-21
5.410822e+03	2.935671e-21
5.430862e+03	2.927655e-21
5.450902e+03	2.919639e-21
5.470942e+03	2.911623e-21
5.490982e+03	2.903607e-21
5.511022e+03	2.895591e-21
5.531062e+03	2.887575e-21
5.551102e+03	2.879559e-21
5.571142e+03	2.871543e-21
5.591182e+03	2.863527e-21
5.611222e+03	2.855511e-21
5.631263e+03	2.847495e-21
5.651303e+03	2.839479e-21
5.671343e+03	2.831463e-21
5.691383e+03	2.823447e-21
5.711423e+03	2.815431e-21
5.731463e+03	2.807415e-21
5.751503e+03	2.799399e-21
5.771543e+03	2.791383e-21
5.791583e+03	2.783367e-21
5.811623e+03	2.775351e-21
5.831663e+03	2.767335e-21
5.851703e+03	2.759319e-21
5.871743e+03	2.751303e-21
5.891784e+03	2.743287e-21
5.911824e+03	2.735271e-21
5.931864e+03	2.727255e-21
5.951904e+03	2.719238e-21
5.971944e+03	2.711222e-21
5.991984e+03	2.703206e-21
6.012024e+03	2.695190e-21
6.032064e+03	2.687174e-21
6.052104e+03	2.679158e-21
6.072144e+03	2.671142e-21
6.092184e+03	2.663126e-21
6.112224e+03	2.655110e-21
6.132265e+03	2.647094e-21
6.152305e+03	2.639078e-21
6.172345e+03	2.631062e-21
6.192385e+03	2.623046e-21
6.212425e+03	2.615030e-21
6.232465e+03	2.607014e-21
6.252505e+03	2.598998e-21
6.272545e+03	2.590982e-21
6.292585e+03	2.582966e-21
6.312625e+03	2.574950e-21
6.332665e+03	2.566934e-21
6.352705e+03	2.558918e-21
6.372745e+03	2.550902e-21
6.392786e+03	2.542886e-21
6.412826e+03	2.534870e-21
6.432866e+03	2.526854e-21
6.452906e+03	2.518838e-21
6.472946e+03	2.510822e-21
6.492986e+03	2.502806e-21
6.513026e+03	2.494790e-21
6.533066e+03	2.486774e-21
6.553106e+03	2.478758e-21
6.573146e+03	2.470741e-21
6.593186e+03	2.462725e-21
6.613226e+03	2.454709e-21
6.633267e+03	2.446693e-21
6.653307e+03	2.438677e-21
6.673347e+03	2.430661e-21
6.693387e+03	2.422645e-21
6.713427e+03	2.414629e-21
6.733467e+03	2.406613e-21
6.753507e+03	2.398597e-21
6.773547e+03	2.390581e-21
6.793587e+03	2.382565e-21
6.813627e+03	2.374549e-21
6.833667e+03	2.366533e-21
6.853707e+03	2.358517e-21
6.873747e+03	2.350501e-21
6.893788e+03	2.342485e-21
6.913828e+03	2.334469e-21
6.933868e+03	2.326453e-21
6.953908e+03	2.318437e-21
6.973948e+03	2.310421e-21
6.993988e+03	2.302405e-21
7.014028e+03	2.297428e-21
7.034068e+03	2.293754e-21
7.054108e+03	2.290080e-21
7.074148e+03	2.286406e-21
7.094188e+03	2.282732e-21
7.114228e+03	2.279058e-21
7.134269e+03	2.275384e-21
7.154309e+03	2.271710e-21
7.174349e+03	2.268036e-21
7.194389e+03	2.264362e-21
7.214429e+03	2.260688e-21
7.234469e+03	2.257014e-21
7.254509e+03	2.253340e-21
7.274549e+03	2.249666e-21
7.294589e+03	2.245992e-21
7.314629e+03	2.242318e-21
7.334669e+03	2.238644e-21
7.354709e+03	2.234970e-21
7.374749e+03	2.231296e-21
7.394790e+03	2.227622e-21
7.414830e+03	2.223948e-21
7.434870e+03	2.220274e-21
7.454910e+03	2.216600e-21
7.474950e+03	2.212926e-21
7.494990e+03	2.209252e-21
7.515030e+03	2.205578e-21
7.535070e+03	2.201904e-21
7.555110e+03	2.198230e-21
7.575150e+03	2.194556e-21
7.595190e+03	2.190882e-21
7.615230e+03	2.187208e-21
7.635271e+03	2.183534e-21
7.655311e+03	2.179860e-21
7.675351e+03	2.176186e-21
7.695391e+03	2.172512e-21
7.715431e+03	2.168838e-21
7.735471e+03	2.165164e-21
7.755511e+03	2.161490e-21
7.775551e+03	2.157816e-21
7.795591e+03	2.154142e-21
7.815631e+03	2.150468e-21
7.835671e+03	2.146794e-21
7.855711e+03	2.143120e-21
7.875752e+03	2.139446e-21
7.895792e+03	2.135772e-21
7.915832e+03	2.132098e-21
7.935872e+03	2.128424e-21
7.955912e+03	2.124749e-21
7.975952e+03	2.121075e-21
7.995992e+03	2.117401e-21
8.016032e+03	2.113727e-21
8.036072e+03	2.110053e-21
8.056112e+03	2.106379e-21
8.076152e+03	2.102705e-21
8.096192e+03	2.099031e-21
8.116232e+03	2.095357e-21
8.136273e+03	2.091683e-21
8.156313e+03	2.088009e-21
8.176353e+03	2.084335e-21
8.196393e+03	2.080661e-21
8.216433e+03	2.076987e-21
8.236473e+03	2.073313e-21
8.256513e+03	2.069639e-21
8.276553e+03	2.065965e-21
8.296593e+03	2.062291e-21
8.316633e+03	2.058617e-21
8.336673e+03	2.054943e-21
8.356713e+03	2.051269e-21
8.376754e+03	2.047595e-21
8.396794e+03	2.043921e-21
8.416834e+03	2.040247e-21
8.436874e+03	2.036573e-21
8.456914e+03	2.032899e-21
8.476954e+03	2.029225e-21
8.496994e+03	2.025551e-21
8.517034e+03	2.021877e-21
8.537074e+03	2.018203e-21
8.557114e+03	2.014529e-21
8.577154e+03	2.010855e-21
8.597194e+03	2.007181e-21
8.617234e+03	2.003507e-21
8.637275e+03	1.999833e-21
8.657315e+03	1.996159e-21
8.677355e+03	1.992485e-21
8.697395e+03	1.988811e-21
8.717435e+03	1.985137e-21
8.737475e+03	1.981463e-21
8.757515e+03	1.977789e-21
8.777555e+03	1.974115e-21
8.797595e+03	1.970441e-21
8.817635e+03	1.966767e-21
8.837675e+03	1.963093e-21
8.857715e+03	1.959419e-21
8.877756e+03	1.955745e-21
8.897796e+03	1.952071e-21
8.917836e+03	1.948397e-21
8.937876e+03	1.944723e-21
8.957916e+03	1.941049e-21
8.977956e+03	1.937375e-21
8.997996e+03	1.933701e-21
9.018036e+03	1.930027e-21
9.038076e+03	1.926353e-21
9.058116e+03	1.922679e-21
9.078156e+03	1.919005e-21
9.098196e+03	1.915331e-21
9.118236e+03	1.911657e-21
9.138277e+03	1.907983e-21
9.158317e+03	1.904309e-21
9.178357e+03	1.900635e-21
9.198397e+03	1.896961e-21
9.218437e+03	1.893287e-21
9.238477e+03	1.889613e-21
9.258517e+03	1.885939e-21
9.278557e+03	1.882265e-21
9.298597e+03	1.878591e-21
9.318637e+03	1.874916e-21
9.338677e+03	1.871242e-21
9.358717e+03	1.867568e-21
9.378758e+03	1.863894e-21
9.398798e+03	1.860220e-21
9.418838e+03	1.856546e-21
9.438878e+03	1.852872e-21
9.458918e+03	1.849198e-21
9.478958e+03	1.845524e-21
9.498998e+03	1.841850e-21
9.519038e+03	1.838176e-21
9.539078e+03	1.834502e-21
9.559118e+03	1.830828e-21
9.579158e+03	1.827154e-21
9.599198e+03	1.823480e-21
9.619238e+03	1.819806e-21
9.639279e+03	1.816132e-21
9.659319e+03	1.812458e-21
9.679359e+03	1.808784e-21
9.699399e+03	1.805110e-21
9.719439e+03	1.801436e-21
9.739479e+03	1.797762e-21
9.759519e+03	1.794088e-21
9.779559e+03	1.790414e-21
9.799599e+03	1.786740e-21
9.819639e+03	1.783066e-21
9.839679e+03	1.779392e-21
9.859719e+03	1.775718e-21
9.879760e+03	1.772044e-21
9.899800e+03	1.768370e-21
9.919840e+03	1.764696e-21
9.939880e+03	1.761022e-21
9.959920e+03	1.757348e-21
9.979960e+03	1.753674e-21
1.000000e+04	1.750000e-21

