0 1386
1000 1777
2000 2232
3000 2737
4000 3277
5000 3754
6000 4271
7000 4790
8000 5281
9000 5818
10000 6322
11000 6850
12000 7339
13000 7900
14000 8447
15000 8983
16000 9562
17000 10084
18000 10666
19000 11245
20000 11797
21000 12320
22000 12849
23000 13369
24000 13884
25000 14435
26000 15027
27000 15672
28000 16334
29000 16952
30000 17559
31000 18119
32000 18728
33000 19261
34000 19835
35000 20435
36000 21068
37000 21683
38000 22298
39000 22878
40000 23482
41000 24079
42000 24653
43000 25208
44000 25780
45000 26344
46000 26960
47000 27536
48000 28169
49000 28805
50000 29477
51000 30141
52000 30803
53000 31481
54000 32199
55000 32889
56000 33545
57000 34193
58000 34767
59000 35386
60000 36025
61000 36707
62000 37364
63000 37963
64000 38541
65000 39080
66000 39436
67000 39892
68000 40310
69000 40715
70000 40971
71000 41240
72000 41687
73000 42179
74000 42716
75000 43166
76000 43569
77000 43827
78000 44130
79000 44488
80000 44831
81000 45347
82000 45863
83000 46332
84000 46745
85000 47317
86000 47761
87000 48243
88000 48658
89000 49144
90000 49550
91000 49971
92000 50483
93000 51107
94000 51454
95000 51875
96000 52220
97000 52546
98000 52788
99000 53193
100000 53538
101000 53971
102000 54356
103000 54775
104000 55163
105000 55630
106000 56096
107000 56455
108000 56707
109000 57090
110000 57507
111000 57876
112000 58347
113000 58691
114000 59022
115000 59325
116000 59795
117000 60148
118000 60541
119000 61096
120000 61584
121000 62205
122000 62644
123000 63050
124000 63561
125000 63876
126000 64292
127000 64664
128000 65036
129000 65515
130000 65798
131000 66210
132000 66625
133000 66828
134000 67233
135000 67443
136000 67755
137000 68065
138000 68340
139000 68695
140000 69020
141000 69337
142000 69517
143000 69821
144000 70264
145000 70745
146000 71246
147000 71612
148000 71797
149000 71979
150000 72404
151000 72734
152000 73158
153000 73475
154000 73896
155000 74282
156000 74695
157000 75223
158000 75623
159000 76096
160000 76539
161000 76848
162000 77217
163000 77474
164000 77818
165000 78186
166000 78544
167000 78965
168000 79256
169000 79674
170000 79999
171000 80223
172000 80533
173000 80960
174000 81254
175000 81625
176000 82048
177000 82491
178000 82797
179000 83212
180000 83411
181000 83697
182000 83903
183000 84246
184000 84460
185000 84813
186000 85097
187000 85419
188000 85726
189000 86055
190000 86499
191000 86939
192000 87214
193000 87585
194000 87999
195000 88365
196000 88629
197000 89087
198000 89264
199000 89484
200000 89787
201000 90107
202000 90409
203000 90790
204000 91328
205000 91605
206000 91938
207000 92321
208000 92665
209000 93062
210000 93320
211000 93625
212000 93889
213000 94145
214000 94514
215000 94809
216000 95089
217000 95297
218000 95589
219000 95884
220000 96005
221000 96295
222000 96434
223000 96661
224000 96919
225000 97103
226000 97391
227000 97601
228000 97737
229000 98129
230000 98455
231000 98913
232000 99274
233000 99696
234000 100204
235000 100633
236000 100938
237000 101242
238000 101628
239000 101928
240000 102419
241000 102775
242000 103191
243000 103486
244000 103849
245000 104097
246000 104541
247000 104963
248000 105366
249000 105746
250000 106161
251000 106516
252000 106630
253000 107012
254000 107101
255000 107221
256000 107510
257000 107687
258000 107901
259000 108098
260000 108263
261000 108634
262000 108828
263000 108961
264000 109132
265000 109256
266000 109588
267000 109966
268000 110251
269000 110524
270000 110698
271000 110913
272000 111123
273000 111366
274000 111598
275000 111928
276000 112215
277000 112482
278000 112937
279000 113184
280000 113575
281000 113609
282000 113797
283000 114121
284000 114293
285000 114535
286000 114841
287000 114950
288000 115219
289000 115355
290000 115476
291000 115811
292000 115967
293000 116278
294000 116575
295000 116790
296000 117086
297000 117555
298000 117687
299000 117963
300000 118178
301000 118271
302000 118385
303000 118559
304000 118797
305000 118733
306000 118562
307000 118322
308000 118332
309000 118290
310000 118323
311000 118368
312000 118475
313000 118574
314000 118560
315000 118852
316000 119025
317000 119311
318000 119458
319000 119618
320000 119754
321000 120025
322000 120183
323000 120319
324000 120599
325000 120947
326000 121209
327000 121509
328000 121779
329000 122039
330000 122373
331000 122602
332000 122891
333000 123174
334000 123409
335000 123670
336000 123892
337000 124089
338000 124330
339000 124514
340000 124643
341000 124803
342000 125072
343000 125295
344000 125496
345000 125671
346000 125614
347000 125519
348000 125489
349000 125689
350000 125493
351000 125248
352000 125202
353000 125254
354000 125356
355000 125264
356000 125383
357000 125308
358000 125311
359000 125173
360000 125026
361000 125100
362000 125005
363000 125116
364000 125067
365000 125090
366000 125194
367000 125295
368000 125553
369000 125668
370000 125854
371000 126052
372000 126351
373000 126447
374000 126725
375000 127059
376000 127270
377000 127587
378000 127719
379000 128046
380000 128215
381000 128580
382000 128951
383000 129379
384000 129667
385000 129951
386000 130070
387000 130217
388000 130426
389000 130663
390000 130741
391000 130848
392000 130956
393000 130971
394000 131084
395000 131173
396000 131327
397000 131419
398000 131513
399000 131627
400000 131757
401000 131648
402000 131619
403000 131610
404000 131283
405000 131162
406000 131051
407000 130920
408000 130855
409000 130858
410000 130903
411000 130969
412000 130996
413000 131148
414000 131232
415000 131351
416000 131457
417000 131445
418000 131614
419000 131801
420000 131920
421000 131928
422000 131930
423000 132248
424000 132331
425000 132361
426000 132546
427000 132737
428000 133064
429000 133309
430000 133478
431000 133688
432000 133812
433000 134085
434000 134349
435000 134475
436000 134623
437000 134861
438000 135048
439000 135221
440000 135561
441000 135889
442000 136103
443000 136292
444000 136348
445000 136614
446000 136653
447000 136809
448000 137072
449000 137119
450000 137062
451000 137212
452000 137299
453000 137340
454000 137423
455000 137369
456000 137318
457000 137156
458000 136969
459000 136894
460000 136985
461000 136959
462000 136808
463000 136753
464000 136709
465000 136668
466000 136681
467000 136778
468000 136888
469000 137022
470000 137281
471000 137392
472000 137582
473000 137683
474000 137822
475000 137966
476000 138160
477000 138232
478000 138347
479000 138462
480000 138511
481000 138671
482000 138878
483000 138949
484000 139300
485000 139510
486000 139884
487000 140227
488000 140424
489000 140697
490000 140833
491000 141061
492000 141094
493000 141192
494000 141292
495000 141612
496000 141871
497000 141907
498000 141990
499000 142264
500000 142152
501000 142248
502000 142102
503000 142050
504000 142083
505000 141743
506000 141800
507000 141832
508000 141757
509000 141913
510000 141947
511000 141839
512000 141767
513000 141775
514000 141947
515000 141991
516000 142047
517000 142066
518000 141981
519000 141866
520000 141915
521000 141671
522000 141576
523000 141432
524000 141341
525000 141469
526000 141364
527000 141405
528000 141533
529000 141854
530000 141923
531000 142227
532000 142388
533000 142581
534000 142662
535000 142849
536000 143116
537000 143298
538000 143455
539000 143605
540000 143772
541000 143812
542000 143853
543000 144033
544000 144088
545000 144372
546000 144520
547000 144704
548000 144905
549000 145216
550000 145316
551000 145358
552000 145573
553000 145566
554000 145592
555000 145627
556000 145574
557000 145646
558000 145565
559000 145574
560000 145453
561000 145497
562000 145367
563000 145024
564000 145030
565000 145100
566000 145107
567000 144989
568000 144934
569000 144795
570000 144903
571000 144918
572000 144802
573000 144764
574000 144804
575000 144949
576000 145063
577000 145241
578000 145320
579000 145472
580000 145543
581000 145571
582000 145835
583000 145939
584000 145984
585000 146025
586000 146046
587000 146257
588000 146435
589000 146518
590000 146693
591000 147004
592000 147341
593000 147560
594000 147693
595000 147971
596000 148231
597000 148569
598000 148814
599000 148905
600000 149169
601000 149399
602000 149615
603000 149949
604000 150165
605000 150242
606000 150392
607000 150435
608000 150389
609000 150473
610000 150622
611000 150408
612000 150471
613000 150555
614000 150523
615000 150647
616000 150615
617000 150590
618000 150402
619000 150437
620000 150469
621000 150320
622000 150093
623000 150081
624000 149905
625000 149746
626000 149622
627000 149615
628000 149822
629000 149937
630000 149934
631000 149846
632000 149897
633000 149861
634000 149805
635000 149871
636000 150050
637000 150378
638000 150408
639000 150603
640000 150857
641000 151063
642000 151210
643000 151540
644000 151772
645000 151994
646000 152279
647000 152524
648000 152889
649000 153224
650000 153433
651000 153683
652000 153810
653000 154139
654000 154269
655000 154442
656000 154691
657000 154901
658000 155080
659000 155276
660000 155551
661000 155528
662000 155612
663000 155781
664000 155797
665000 156074
666000 156041
667000 156136
668000 156117
669000 156140
670000 156267
671000 156273
672000 156086
673000 156017
674000 155873
675000 155853
676000 155842
677000 155698
678000 155361
679000 155142
680000 154887
681000 154490
682000 154402
683000 154383
684000 154197
685000 154340
686000 154181
687000 153702
688000 153627
689000 153549
690000 153606
691000 153837
692000 153973
693000 154225
694000 154234
695000 154405
696000 154649
697000 154743
698000 154970
699000 154856
700000 155130
701000 155317
702000 155598
703000 155754
704000 155999
705000 156088
706000 156291
707000 156427
708000 156630
709000 156842
710000 156842
711000 156923
712000 156911
713000 156906
714000 156964
715000 156872
716000 157020
717000 157169
718000 157292
719000 157453
720000 157649
721000 157824
722000 157960
723000 157986
724000 157915
725000 157999
726000 157920
727000 157860
728000 157925
729000 157765
730000 157518
731000 157523
732000 157403
733000 157263
734000 157210
735000 157092
736000 157103
737000 157001
738000 156932
739000 156742
740000 156688
741000 156786
742000 156891
743000 156948
744000 156856
745000 156714
746000 156668
747000 156640
748000 156516
749000 156500
750000 156579
751000 156456
752000 156490
753000 156517
754000 156558
755000 156463
756000 156444
757000 156509
758000 156761
759000 156898
760000 157128
761000 157144
762000 157131
763000 157259
764000 157331
765000 157382
766000 157520
767000 157566
768000 157872
769000 157991
770000 158192
771000 158375
772000 158495
773000 158660
774000 158763
775000 158156
776000 158425
777000 158345
778000 158412
779000 158550
780000 158812
781000 159020
782000 159093
783000 159174
784000 159056
785000 158937
786000 158983
787000 158893
788000 158666
789000 158617
790000 158566
791000 158294
792000 158369
793000 158309
794000 158123
795000 158225
796000 158239
797000 158009
798000 158103
799000 158138
800000 158088
801000 158121
802000 158103
803000 158032
804000 157900
805000 158011
806000 158107
807000 158056
808000 157928
809000 157753
810000 157893
811000 158010
812000 157956
813000 157820
814000 157663
815000 157547
816000 157534
817000 157573
818000 157737
819000 157708
820000 157669
821000 157866
822000 157750
823000 157924
824000 158253
825000 158278
826000 158428
827000 158638
828000 158834
829000 158999
830000 159217
831000 159209
832000 159394
833000 159670
834000 159825
835000 160047
836000 160129
837000 160111
838000 160307
839000 160439
840000 160616
841000 160675
842000 160494
843000 160486
844000 160407
845000 160250
846000 160266
847000 160245
848000 160213
849000 160120
850000 160104
851000 159952
852000 159950
853000 159693
854000 159535
855000 159338
856000 159166
857000 158892
858000 158630
859000 158571
860000 158251
861000 157913
862000 157611
863000 157380
864000 157359
865000 157281
866000 157157
867000 157182
868000 157289
869000 157491
870000 157532
871000 157654
872000 157743
873000 157734
874000 157824
875000 157889
876000 157926
877000 157878
878000 157752
879000 157799
880000 157791
881000 157969
882000 158181
883000 158479
884000 158862
885000 159085
886000 159474
887000 159797
888000 160002
889000 160163
890000 160409
891000 160646
892000 160908
893000 160918
894000 160923
895000 161002
896000 160978
897000 160961
898000 161207
899000 161225
900000 161278
901000 161486
902000 161551
903000 161518
904000 161307
905000 161512
906000 161403
907000 161442
908000 161546
909000 161541
910000 161419
911000 161286
912000 161136
913000 161176
914000 161094
915000 160868
916000 160779
917000 160668
918000 160599
919000 160516
920000 160480
921000 160388
922000 160356
923000 160316
924000 160281
925000 160283
926000 160310
927000 160357
928000 160287
929000 160336
930000 160343
931000 160517
932000 160548
933000 160701
934000 160674
935000 160764
936000 160794
937000 160935
938000 161241
939000 161611
940000 161857
941000 162033
942000 162288
943000 162485
944000 162714
945000 162952
946000 163136
947000 163293
948000 163464
949000 163795
950000 163962
951000 164055
952000 164351
953000 164438
954000 164628
955000 164431
956000 164733
957000 164796
958000 165070
959000 165257
960000 165201
961000 165285
962000 165426
963000 165327
964000 165206
965000 165229
966000 165223
967000 164943
968000 164736
969000 164373
970000 164230
971000 164125
972000 164099
973000 164034
974000 163806
975000 163615
976000 163358
977000 163357
978000 163433
979000 163398
980000 163371
981000 163326
982000 163399
983000 163536
984000 163522
985000 163494
986000 163445
987000 163656
988000 163760
989000 163845
990000 163765
991000 163701
992000 163771
993000 163838
994000 164006
995000 164146
996000 164066
997000 164199
998000 164339
999000 164531
1000000 164645
1001000 164816
1002000 165139
1003000 165366
1004000 165565
1005000 165826
1006000 166037
1007000 166227
1008000 166493
1009000 166623
1010000 166698
1011000 166835
1012000 166912
1013000 167009
1014000 167234
1015000 167483
1016000 167683
1017000 167859
1018000 167863
1019000 167906
1020000 167985
1021000 168113
1022000 167984
1023000 167506
1024000 167487
1025000 167342
1026000 167378
1027000 167120
1028000 167093
1029000 167028
1030000 167141
1031000 166848
1032000 166516
1033000 166341
1034000 165885
1035000 165502
1036000 165264
1037000 165113
1038000 164777
1039000 164721
1040000 164548
1041000 164372
1042000 164208
1043000 164207
1044000 164125
1045000 163967
1046000 163955
1047000 163992
1048000 163938
1049000 163747
1050000 163601
1051000 163513
1052000 163692
1053000 163860
1054000 163925
1055000 164043
1056000 164082
1057000 164108
1058000 164164
1059000 164142
1060000 164287
1061000 164426
1062000 164402
1063000 164338
1064000 164247
1065000 164262
1066000 164107
1067000 164118
1068000 164402
1069000 164591
1070000 164825
1071000 164861
1072000 165196
1073000 165263
1074000 165218
1075000 165328
1076000 165494
1077000 165676
1078000 165871
1079000 165905
1080000 166012
1081000 166098
1082000 165897
1083000 165584
1084000 165554
1085000 165535
1086000 165547
1087000 165430
1088000 165430
1089000 165233
1090000 165269
1091000 165253
1092000 165104
1093000 164801
1094000 164539
1095000 164333
1096000 164065
1097000 163980
1098000 163897
1099000 163990
1100000 163690
1101000 163607
1102000 163553
1103000 163577
1104000 163416
1105000 163300
1106000 163321
1107000 163237
1108000 163271
1109000 163166
1110000 163175
1111000 163069
1112000 162797
1113000 162704
1114000 162629
1115000 162816
1116000 162995
1117000 163133
1118000 163295
1119000 163343
1120000 163390
1121000 163410
1122000 163411
1123000 163608
1124000 163839
1125000 163998
1126000 164207
1127000 164528
1128000 164597
1129000 164793
1130000 165168
1131000 165463
1132000 165680
1133000 165889
1134000 166048
1135000 166292
1136000 166460
1137000 166703
1138000 166892
1139000 166877
1140000 166994
1141000 167099
1142000 167292
1143000 167414
1144000 167514
1145000 167401
1146000 167319
1147000 167295
1148000 167242
1149000 166986
1150000 166744
1151000 166606
1152000 166399
1153000 166442
1154000 166465
1155000 166416
1156000 166418
1157000 166175
1158000 165895
1159000 165578
1160000 165262
1161000 165043
1162000 164870
1163000 164716
1164000 164661
1165000 164598
1166000 164362
1167000 164284
1168000 164296
1169000 164216
1170000 164385
1171000 164586
1172000 164644
1173000 164802
1174000 164808
1175000 164394
1176000 164413
1177000 164470
1178000 164557
1179000 164739
1180000 164706
1181000 164874
1182000 165064
1183000 165293
1184000 165321
1185000 165491
1186000 165586
1187000 165747
1188000 166070
1189000 166281
1190000 166294
1191000 166355
1192000 166482
1193000 166657
1194000 166704
1195000 166804
1196000 166861
1197000 166791
1198000 166941
1199000 167169
1200000 167167
1201000 167317
1202000 167513
1203000 167350
1204000 167417
1205000 167617
1206000 167567
1207000 167609
1208000 167724
1209000 167505
1210000 167341
1211000 167253
1212000 167141
1213000 166728
1214000 166679
1215000 166378
1216000 166003
1217000 165870
1218000 165678
1219000 165481
1220000 165446
1221000 165513
1222000 165584
1223000 165464
1224000 165270
1225000 165071
1226000 165043
1227000 164819
1228000 164671
1229000 164596
1230000 164592
1231000 164688
1232000 164549
1233000 164483
1234000 164493
1235000 164690
1236000 164776
1237000 164732
1238000 164822
1239000 165010
1240000 165007
1241000 165130
1242000 165225
1243000 165499
1244000 165653
1245000 165905
1246000 166054
1247000 166031
1248000 166327
1249000 166442
1250000 166607
1251000 166826
1252000 167006
1253000 167184
1254000 167428
1255000 167621
1256000 167850
1257000 168074
1258000 168158
1259000 168315
1260000 168437
1261000 168493
1262000 168601
1263000 168710
1264000 168934
1265000 168708
1266000 168616
1267000 168478
1268000 168416
1269000 168449
1270000 168471
1271000 168397
1272000 168203
1273000 168017
1274000 167999
1275000 168051
1276000 168025
1277000 168000
1278000 168012
1279000 168082
1280000 167698
1281000 167571
1282000 167328
1283000 167274
1284000 167177
1285000 166941
1286000 167108
1287000 167076
1288000 167024
1289000 167022
1290000 167214
1291000 167327
1292000 167348
1293000 167525
1294000 167601
1295000 167555
1296000 167615
1297000 167888
1298000 168071
1299000 168321
1300000 168519
1301000 168785
1302000 169018
1303000 169260
1304000 169460
1305000 169697
1306000 169944
1307000 170069
1308000 170233
1309000 170424
1310000 170574
1311000 170848
1312000 171066
1313000 171118
1314000 171374
1315000 171435
1316000 171501
1317000 171611
1318000 171685
1319000 171717
1320000 171939
1321000 172122
1322000 171946
1323000 172070
1324000 172210
1325000 172112
1326000 172154
1327000 172042
1328000 171892
1329000 171932
1330000 171903
1331000 171799
1332000 171515
1333000 171587
1334000 171506
1335000 171176
1336000 170973
1337000 170925
1338000 170951
1339000 170595
1340000 170449
1341000 170212
1342000 170170
1343000 169891
1344000 169937
1345000 169811
1346000 169624
1347000 169761
1348000 169864
1349000 169919
1350000 169857
1351000 169918
1352000 169980
1353000 170020
1354000 170071
1355000 170075
1356000 169979
1357000 169980
1358000 169883
1359000 169923
1360000 169934
1361000 169964
1362000 170018
1363000 170218
1364000 170477
1365000 170750
1366000 170847
1367000 171077
1368000 171318
1369000 171593
1370000 171651
1371000 171873
1372000 172075
1373000 172165
1374000 172314
1375000 172447
1376000 172628
1377000 172603
1378000 172811
1379000 172757
1380000 172996
1381000 173140
1382000 173254
1383000 173578
1384000 173834
1385000 173847
1386000 174121
1387000 174289
1388000 174489
1389000 174534
1390000 174589
1391000 174743
1392000 174668
1393000 174665
1394000 174356
1395000 174295
1396000 174266
1397000 174064
1398000 173955
1399000 173919
1400000 173581
1401000 173513
1402000 173320
1403000 173182
1404000 172936
1405000 172759
1406000 172758
1407000 172765
1408000 172778
1409000 172771
1410000 172976
1411000 173100
1412000 172981
1413000 172818
1414000 172658
1415000 172785
1416000 172779
1417000 172840
1418000 172713
1419000 172693
1420000 172841
1421000 172804
1422000 172813
1423000 172891
1424000 172836
1425000 172845
1426000 173047
1427000 173230
1428000 173529
1429000 173667
1430000 173715
1431000 173766
1432000 173773
1433000 173973
1434000 174340
1435000 174559
1436000 174681
1437000 174818
1438000 174985
1439000 175003
1440000 175068
1441000 175219
1442000 175384
1443000 175405
1444000 175477
1445000 175495
1446000 175575
1447000 175751
1448000 175786
1449000 175627
1450000 175560
1451000 175612
1452000 175635
1453000 175445
1454000 175357
1455000 174912
1456000 174940
1457000 174893
1458000 174823
1459000 174868
1460000 174523
1461000 174280
1462000 174218
1463000 173789
1464000 173593
1465000 173447
1466000 173375
1467000 173062
1468000 173061
1469000 173070
1470000 173091
1471000 173073
1472000 172902
1473000 172821
1474000 172743
1475000 172674
1476000 172478
1477000 172201
1478000 172051
1479000 171813
1480000 171865
1481000 171806
1482000 172089
1483000 172130
1484000 172295
1485000 172308
1486000 172332
1487000 172491
1488000 172578
1489000 172608
1490000 172732
1491000 172808
1492000 173027
1493000 173205
1494000 173321
1495000 173437
1496000 173620
1497000 173646
1498000 173862
1499000 173926
1500000 174199
1501000 174213
1502000 174469
1503000 174512
1504000 174755
1505000 174771
1506000 175017
1507000 175108
1508000 175342
1509000 175308
1510000 175359
1511000 175461
1512000 175649
1513000 175676
1514000 175698
1515000 175568
1516000 175407
1517000 175345
1518000 175250
1519000 175096
1520000 175024
1521000 174817
1522000 174839
1523000 174560
1524000 174176
1525000 173894
1526000 173691
1527000 173649
1528000 173500
1529000 173324
1530000 172891
1531000 172679
1532000 172347
1533000 172077
1534000 172136
1535000 172114
1536000 172152
1537000 172105
1538000 171761
1539000 171468
1540000 171148
1541000 171069
1542000 171057
1543000 171089
1544000 171129
1545000 171088
1546000 171257
1547000 171441
1548000 171468
1549000 171416
1550000 171677
1551000 171777
1552000 171833
1553000 171808
1554000 171805
1555000 172044
1556000 172089
1557000 172421
1558000 172534
1559000 172677
1560000 172610
1561000 172786
1562000 172891
1563000 172875
1564000 172924
1565000 172981
1566000 172911
1567000 172829
1568000 172987
1569000 172941
1570000 173174
1571000 173410
1572000 173530
1573000 173480
1574000 173659
1575000 173619
1576000 173529
1577000 173133
1578000 172940
1579000 172680
1580000 172591
1581000 172257
1582000 171954
1583000 172064
1584000 171835
1585000 171493
1586000 171206
1587000 170868
1588000 170689
1589000 170280
1590000 169996
1591000 169885
1592000 169731
1593000 169555
1594000 169285
1595000 169278
1596000 169193
1597000 169248
1598000 169293
1599000 169350
1600000 169210
1601000 169067
1602000 169080
1603000 168988
1604000 168882
1605000 168657
1606000 168567
1607000 168572
1608000 168425
1609000 168443
1610000 168299
1611000 168303
1612000 168332
1613000 168498
1614000 168598
1615000 168773
1616000 168829
1617000 169029
1618000 169124
1619000 169323
1620000 169603
1621000 169697
1622000 169734
1623000 169734
1624000 169963
1625000 169959
1626000 170000
1627000 169971
1628000 170223
1629000 170285
1630000 170445
1631000 170490
1632000 170457
1633000 170609
1634000 170570
1635000 170733
1636000 170936
1637000 170974
1638000 171056
1639000 171272
1640000 171263
1641000 171258
1642000 171344
1643000 171359
1644000 171188
1645000 171143
1646000 170941
1647000 170673
1648000 170342
1649000 170174
1650000 170087
1651000 170179
1652000 169988
1653000 169903
1654000 169591
1655000 169320
1656000 169095
1657000 168880
1658000 168794
1659000 168723
1660000 168759
1661000 168675
1662000 168662
1663000 168864
1664000 168903
1665000 168929
1666000 168538
1667000 168470
1668000 168520
1669000 168482
1670000 168561
1671000 168466
1672000 168477
1673000 168473
1674000 168573
1675000 168672
1676000 168729
1677000 168670
1678000 168866
1679000 169035
1680000 169273
1681000 169414
1682000 169598
1683000 169646
1684000 169711
1685000 169909
1686000 170025
1687000 170079
1688000 170271
1689000 170328
1690000 170387
1691000 170449
1692000 170652
1693000 170676
1694000 170815
1695000 170865
1696000 170794
1697000 170653
1698000 170666
1699000 170632
1700000 170510
1701000 170529
1702000 170678
1703000 170768
1704000 170723
1705000 170611
1706000 170426
1707000 170516
1708000 170368
1709000 170401
1710000 170045
1711000 169932
1712000 169547
1713000 169597
1714000 169583
1715000 169481
1716000 169103
1717000 168694
1718000 168346
1719000 168223
1720000 167920
1721000 167557
1722000 167288
1723000 167093
1724000 166970
1725000 166963
1726000 166959
1727000 166764
1728000 166834
1729000 166934
1730000 166913
1731000 166768
1732000 166687
1733000 166836
1734000 166998
1735000 167216
1736000 167313
1737000 167513
1738000 167634
1739000 167777
1740000 168119
1741000 168394
1742000 168664
1743000 168814
1744000 168997
1745000 169083
1746000 169188
1747000 169567
1748000 169738
1749000 169943
1750000 169840
1751000 170081
1752000 170181
1753000 170388
1754000 170486
1755000 170715
1756000 170806
1757000 170854
1758000 170977
1759000 171176
1760000 171135
1761000 170908
1762000 170983
1763000 171035
1764000 171138
1765000 171106
1766000 171075
1767000 170754
1768000 170532
1769000 170456
1770000 170349
1771000 169907
1772000 169504
1773000 169132
1774000 168923
1775000 168734
1776000 168566
1777000 168535
1778000 168410
1779000 168348
1780000 168096
1781000 168007
1782000 167851
1783000 167888
1784000 167702
1785000 167476
1786000 167501
1787000 167596
1788000 167656
1789000 167596
1790000 167739
1791000 167549
1792000 167740
1793000 167978
1794000 168146
1795000 168322
1796000 168229
1797000 168357
1798000 168424
1799000 168316
1800000 168408
1801000 168471
1802000 168506
1803000 168597
1804000 168584
1805000 168703
1806000 168986
1807000 169245
1808000 169410
1809000 169575
1810000 169564
1811000 169662
1812000 169789
1813000 169948
1814000 170008
1815000 170136
1816000 170311
1817000 170392
1818000 170291
1819000 170280
1820000 170496
1821000 170728
1822000 170797
1823000 170880
1824000 171048
1825000 171138
1826000 170878
1827000 170805
1828000 170834
1829000 170650
1830000 170622
1831000 170422
1832000 170445
1833000 170158
1834000 169908
1835000 169851
1836000 169771
1837000 169626
1838000 169600
1839000 169668
1840000 169554
1841000 169396
1842000 168879
1843000 168413
1844000 168255
1845000 167947
1846000 167772
1847000 167696
1848000 167570
1849000 167278
1850000 167171
1851000 167197
1852000 167234
1853000 167400
1854000 167554
1855000 167704
1856000 167626
1857000 167863
1858000 168000
1859000 167982
1860000 168213
1861000 168523
1862000 168559
1863000 168890
1864000 169086
1865000 169288
1866000 169399
1867000 169585
1868000 169906
1869000 170103
1870000 170344
1871000 170797
1872000 170993
1873000 171108
1874000 171279
1875000 171413
1876000 171539
1877000 171601
1878000 171532
1879000 171660
1880000 171746
1881000 171742
1882000 171944
1883000 172051
1884000 172223
1885000 172356
1886000 172327
1887000 172175
1888000 172170
1889000 172176
1890000 172005
1891000 171735
1892000 171353
1893000 171190
1894000 171019
1895000 170692
1896000 170692
1897000 170637
1898000 170545
1899000 170336
1900000 170339
1901000 170173
1902000 170196
1903000 170037
1904000 169958
1905000 169695
1906000 169520
1907000 169466
1908000 169033
1909000 168992
1910000 168833
1911000 168534
1912000 168477
1913000 168386
1914000 168347
1915000 168298
1916000 168446
1917000 168538
1918000 168730
1919000 168592
1920000 168693
1921000 168901
1922000 168983
1923000 169175
1924000 169365
1925000 169437
1926000 169667
1927000 169687
1928000 169628
1929000 169845
1930000 170031
1931000 170226
1932000 170264
1933000 170342
1934000 170475
1935000 170632
1936000 170606
1937000 170870
1938000 170870
1939000 171089
1940000 171245
1941000 171271
1942000 171293
1943000 171375
1944000 171578
1945000 171770
1946000 171699
1947000 171755
1948000 171609
1949000 171504
1950000 171391
1951000 171441
1952000 171465
1953000 171246
1954000 171069
1955000 170866
1956000 170469
1957000 170463
1958000 170462
1959000 170458
1960000 170024
1961000 169583
1962000 169329
1963000 169192
1964000 169162
1965000 168955
1966000 168721
1967000 168418
1968000 168277
1969000 168284
1970000 168190
1971000 167984
1972000 167641
1973000 167447
1974000 167508
1975000 167589
1976000 167511
1977000 167565
1978000 167625
1979000 167803
1980000 167947
1981000 168091
1982000 168067
1983000 168073
1984000 168024
1985000 167999
1986000 168289
1987000 168333
1988000 168591
1989000 168817
1990000 169087
1991000 169348
1992000 169556
1993000 169753
1994000 169981
1995000 170180
1996000 170399
1997000 170576
1998000 170659
1999000 170687
