0 0 0 0 0 0 0 0 0 0 0 0 0 0 0 0 0 0 0 0 0 0 0 0 0 0 0 0 0 0 0 0 0 0 0 0 0 0 0 0 0 0 0 0 0 0 0 0 0 0 0 0 0 0 0 0 0 0 0 0 0 0 0 0 0 0 0 0 0 
0 0 0 0 0 0 0 0 0 0 0 0 0 0 0 0 0 0 0 0 0 0 0 0 0 0 0 0 0 0 0 0 0 0 0 0 0 0 0 0 0 0 0 0 0 0 0 0 0 0 0 0 0 0 0 0 0 0 0 0 0 0 0 0 0 0 0 0 0 
0 0 0 0 0 0 0 0 0 0 0 0 0 0 0 0 0 0 0 0 0 0 0 0 0 0 0 0 0 0 0 0 0 0 0 0 0 0 0 0 0 0 0 0 0 0 0 0 0 0 0 0 0 0 0 0 0 0 0 0 0 0 0 0 0 0 0 0 0 
0 0 0 0 0 0 0 0 0 0 0 0 0 0 0 0 0 0 0 0 0 0 0 0 0 0 0 0 0 0 0 0 0 0 0 0 0 0 0 0 0 0 0 0 0 0 0 0 0 0 0 0 0 0 0 0 0 0 0 0 0 0 0 0 0 0 0 0 0 
0 0 0 0 0 0 0 0 0 0 0 0 0 0 0 0 0 0 0 0 0 0 0 0 0 0 0 0 0 0 0 0 0 0 0 0 0 0 0 0 0 0 0 0 0 0 0 0 0 0 0 0 0 0 0 0 0 0 0 0 0 0 0 0 0 0 0 0 0 
0 0 0 0 0 0 0 0 0 0 0 0 0 0 0 0 0 0 0 0 0 0 0 0 0 0 0 0 0 0 0 0 0 0 0 0 0 0 0 0 0 0 0 0 0 0 0 0 0 0 0 0 0 0 0 0 0 0 0 0 0 0 0 0 0 0 0 0 0 
0 0 0 0 0 0 0 0 0 0 0 0 0 0 0 0 0 0 0 0 0 0 0 0 0 0 0 0 0 0 0 0 0 0 0 0 0 0 0 0 0 0 0 0 0 0 0 0 0 0 0 0 0 0 0 0 0 0 0 0 0 0 0 0 0 0 0 0 0 
0 0 0 0 0 0 0 0 0 0 0 0 0 0 0 0 0 0 0 0 0 0 0 0 0 0 0 0 0 0 0 0 0 0 0 0 0 0 0 0 0 0 0 0 0 0 0 0 0 0 0 0 0 0 0 0 0 0 0 0 0 0 0 0 0 0 0 0 0 
0 0 0 0 0 0 0 0 0 0 0 0 0 0 0 0 0 0 0 0 0 0 0 0 0 0 0 0 0 0 0 0 0 0 0 0 0 0 0 0 0 0 0 0 0 0 0 0 0 0 0 0 0 0 0 0 0 0 0 0 0 0 0 0 0 0 0 0 0 
0 0 0 0 0 0 0 0 0 0 0 0 0 0 0 0 0 0 0 0 0 0 0 0 0 0 0 0 0 0 0 0 0 0 0 0 0 0 0 0 0 0 0 0 0 0 0 0 0 0 0 0 0 0 0 0 0 0 0 0 0 0 0 0 0 0 0 0 0 
0 0 0 0 0 0 0 0 0 0 0 0 0 0 0 0 0 0 0 0 0 0 0 0 0 0 0 0 0 0 0 0 0 0 0 0 0 0 0 0 0 0 0 0 0 0 0 0 0 0 0 0 0 0 0 0 0 0 0 0 0 0 0 0 0 0 0 0 0 
0 0 0 0 0 0 0 0 0 0 0 0 0 0 0 0 0 0 0 0 0 0 0 0 0 0 0 0 0 0 0 0 0 0 0 0 0 0 0 0 0 0 0 0 0 0 0 0 0 0 0 0 0 0 0 0 0 0 0 0 0 0 0 0 0 0 0 0 0 
0 0 0 0 0 0 0 0 0 0 0 0 0 0 0 0 0 0 0 0 0 0 0 0 0 0 0 -0.00239037 -0.000132908 0 0 0 0 0 0 0 0 0 0 0 0 0 0 0 0 0 0 0 0 0 0 0 0 0 0 0 0 0 0 0 0 0 0 0 0 0 0 0 0 
0 0 0 0 0 0 0 0 0 0 0 0 0 -0.0005491 -0.00104514 0 0 0 0 0 0 -0.000588362 -0.00143061 -3.57113e-05 0 -0.00180772 -0.00901941 -0.0141724 -0.00509508 0 0 0 0 0 0 0 0 0 0 0 0 0 0 0 0 0 0 0 0 0 0 0 0 0 0 0 0 0 0 0 0 0 0 0 0 0 0 0 0 
0 0 0 0 0 0 0 0 0 0 0 0 -0.000500558 -0.00714745 -0.00954993 0 0 0 0 0 -0.000452239 -0.014235 -0.0150434 -0.00392269 -3.33696e-05 -0.0102207 -0.0134926 -0.0085766 -0.00457958 0 -0.00489393 -0.000707441 -2.06267e-05 -0.0031757 0 0 0 0 0 0 -0.00144534 -0.00179635 0 0 0 0 0 0 0 0 0 0 0 0 0 0 0 0 0 0 0 0 0 0 0 0 0 0 0 
0 0 0 0 0 0 0 0 0 0 0 0 -0.00228492 -0.00319345 -0.00247822 0 0 0 0 0 -0.00610815 -0.041135 -0.0105013 -0.00296208 -1.69009e-05 -0.0173769 -0.0377518 -0.0174852 -0.0149359 -0.00552586 -0.0142692 -0.0105712 -0.00907757 -0.00629152 -0.00384468 -0.00474925 -0.000108161 0 0 0 -0.00470999 -0.0139546 -0.00267551 0 0 0 0 0 -6.739e-05 -6.4196e-06 0 0 0 0 0 0 0 0 0 0 0 0 0 0 0 0 0 0 0 
0 0 0 0 0 0 0 0 0 0 0 -0.000860383 -0.00778077 -0.0188561 -0.00114407 0 0 0 0 0 -0.00949372 -0.0148602 -0.00481802 -0.00455193 -0.00281382 -0.0111649 -0.0394566 -0.024287 -0.0269052 -0.00857691 -0.0113011 -0.0191317 -0.0175162 -0.00245873 -0.0053996 -0.00129389 -9.96888e-06 0 0 -0.00137438 -0.0278342 -0.0821652 -0.0160426 0 -0.00064768 -7.41672e-05 -0.000633431 -0.00989425 -0.00785236 -0.000662775 0 0 0 0 0 0 0 0 0 0 0 0 0 0 0 0 0 0 0 
0 0 0 0 0 0 0 0 0 0 -0.000401962 -0.000892705 -0.00685976 -0.00974392 -0.00145531 -7.39425e-05 0 0 0 -0.000649658 -0.00800202 -0.00190842 -0.000664803 -0.00583862 -0.00568765 -0.00143368 -0.0050109 -0.0125161 -0.0247574 -0.00234101 -0.0118844 -0.00981497 -0.00734639 -0.0148443 -0.00850463 -0.000811218 0 0 -9.1215e-05 -0.00204321 -0.0229702 -0.0210449 -0.00190375 -0.000679863 -0.000331399 -0.00216036 -0.00547232 -0.00993858 -0.00313665 -0.000433252 0 0 0 0 0 0 0 0 0 0 0 0 0 0 0 0 0 0 0 
0 0 0 0 0 0 0 0 0 0 -0.000291124 -0.0060518 -0.0414624 -0.015504 -0.00498435 -0.000205214 -9.57133e-05 0 -0.000712396 -0.00250455 -0.0208737 -0.0508993 -0.0149349 -0.0103825 -0.0138145 -0.00344536 -0.00352926 -0.00917079 -0.0172676 -0.00521761 -0.012436 -0.0191251 -0.0215896 -0.0127254 -0.00882893 -0.00292635 -0.000103319 0 -0.000780949 -0.00280596 -6.99986e-05 -0.000104949 -0.000128288 -0.000796445 -0.000380176 -0.00226368 -0.00421649 -0.000873923 -0.00154603 -0.000415443 -0.000750253 -3.29392e-05 0 0 0 0 0 0 0 0 0 0 0 0 0 0 0 0 0 
0 0 0 0 0 0 0 0 0 0 0 -0.00619608 -0.0498736 -0.0110436 -0.0018102 -0.000277449 -0.0010555 -0.000805231 -0.000889479 -0.00172336 -0.00901092 -0.0530283 -0.0298614 -0.00903649 -0.034928 -0.0150955 -0.0139734 -0.0213232 -0.00667984 -0.00835478 -0.0148282 -0.0165372 -0.0148239 -0.00393679 -0.00275845 -0.00507552 -0.00336104 -0.000977461 0 0 0 -0.00265527 -0.00105138 -0.00608088 -0.00656859 -0.0161109 -0.0220669 -0.00829204 -0.000278144 -0.00145265 -0.00224731 -0.000438234 -0.00331265 -0.000953456 0 0 0 0 0 0 0 0 0 0 0 0 0 0 0 
0 0 0 0 0 0 0 0 0 0 0 -5.42518e-05 -1.78321e-05 -2.89809e-05 -2.81312e-06 0 -0.00047913 -0.0014689 -0.000687744 -0.000151983 -0.000285784 -0.000794946 -0.0214094 -0.0116899 -0.0114553 -0.0132329 -0.0237047 -0.0238051 -0.0147385 -0.00868862 -0.00576039 -0.0127012 -0.00672144 -0.00297926 -0.00031076 -0.00412106 -0.00790514 -0.00646453 -0.000301455 0 0 -0.0070162 -0.0194038 -0.018832 -0.0122336 -0.0236641 -0.0226065 -0.00968867 -0.000792676 -0.0047283 -0.00545651 -0.00106278 -0.0119096 -0.00765142 -0.00689461 -0.00244164 0 0 0 0 0 0 0 0 0 0 0 0 0 
0 0 0 0 0 0 0 0 0 0 0 0 0 0 0 -0.00400469 -0.00285514 -0.00580207 -0.000711549 0 -0.00129425 -0.00148188 -0.00127549 -0.0015604 -0.0216574 -0.0408286 -0.0198947 -0.0146892 -0.024417 -0.0163763 -0.0103685 -0.00536046 -0.00169564 -0.00181882 -0.004972 -0.00402816 -0.00266537 -0.00245123 -0.00438778 -0.000417912 -0.001723 -0.00420097 -0.0105787 -0.00475645 -0.0118272 -0.00583977 -0.00391376 -0.00496422 -0.0059738 -0.0123322 -0.00381626 -0.00304838 -0.00258265 -0.00037147 -0.000893002 -0.000548811 0 0 0 0 0 0 0 0 0 0 0 0 0 
0 0 0 0 0 0 0 0 0 0 0 0 0 0 -0.000338834 -0.00891246 -0.001854 -0.000863692 -0.000304791 -0.000583626 -0.00115007 -0.000689703 -0.000510049 -0.00774001 -0.0225044 -0.0313074 -0.0227735 -0.0113493 -0.0143927 -0.00542417 -0.00478003 -0.00587633 -0.00515069 -0.012113 -0.01683 -0.00951109 -0.00651484 -0.00596302 -0.00468145 -0.00974769 -0.00977767 -0.0138973 -0.0154368 -0.00560144 -0.0107631 -0.00669483 -0.00430023 -0.00181712 -0.0103733 -0.00648074 -0.000692442 -0.00814197 -0.0185963 -0.00866089 -0.00386721 0 0 0 0 0 0 0 0 0 0 0 0 0 0 
0 0 0 0 0 0 0 0 0 0 0 0 0 0 -0.000600953 -0.00354405 -0.00445294 -0.000917613 -0.00097949 -0.00496419 -0.00213736 -0.000504835 -0.000574255 -0.00476263 -0.0173164 -0.0345173 -0.0126064 -0.00123088 -0.00169916 -0.00169208 -0.00271172 -0.0144973 -0.0614161 -0.067119 -0.0268489 -0.00881655 -0.00168316 -0.00812601 -0.0162884 -0.0243833 -0.00953766 -0.00460071 -0.0265429 -0.0135091 -0.00292839 -0.00464263 -0.00113478 -0.000796249 -0.0157334 -0.0179362 -0.0059194 -0.0146176 -0.0242538 -0.00400844 -0.00234144 -2.48596e-05 0 0 0 0 0 0 0 0 0 0 0 0 0 
0 0 0 0 0 0 0 0 0 0 0 0 0 0 -0.000469587 -0.00532128 -0.0184497 -0.0138824 -0.00286898 -0.00151662 -0.000829764 -0.000868557 -0.0023834 -0.00566631 -0.0116245 -0.0163213 -0.00478171 -0.00552589 -0.00880132 -0.0166541 -0.00584373 -0.032517 -0.112036 -0.108275 -0.0592467 -0.0114067 -0.00733887 -0.0126704 -0.0201553 -0.0113652 -0.0154906 -0.00165186 -0.00561779 -0.00648705 -0.00170579 -0.00402365 -0.00186236 -0.000453323 -0.000525738 -0.00691039 -0.0103722 -0.00584197 -0.00324237 -0.000707475 -0.00655244 -0.00226931 -3.5964e-07 0 0 0 0 0 0 0 0 0 0 0 0 
0 0 0 0 0 0 0 0 0 0 0 0 0 -0.00011013 -0.000764587 -0.000502539 -0.0160962 -0.017577 -0.00251906 -0.0022105 -0.000401964 -0.000767138 -0.00591626 -0.0149706 -0.0103991 -0.0155434 -0.00561479 -0.0116516 -0.0178655 -0.0104957 -0.00474441 -0.0368378 -0.0464128 -0.0561768 -0.0710652 -0.0408364 -0.034898 -0.021758 -0.0097365 -0.00254146 -0.00670082 -0.00637697 -0.00355096 -0.00427352 0 0 0 -0.000635619 -0.00110848 -0.00671243 -0.0124676 -0.00140948 -0.000834792 -0.00235295 -0.00643612 -0.00446482 -4.72076e-06 0 0 0 0 0 0 0 0 0 0 0 0 
0 0 0 0 0 0 0 0 0 0 0 0 0 -0.000217161 -0.00044656 -0.001471 -0.00102156 -0.000246023 -0.00199334 -0.0043587 -0.000812157 -0.000489544 -0.0125952 -0.00914904 -0.0101846 -0.0236962 -0.0259633 -0.0143899 -0.0193401 -0.0198996 -0.00680185 -0.0427217 -0.0698234 -0.0620468 -0.102514 -0.0739177 -0.0404612 -0.0361516 -0.00185985 -0.0128244 -0.010194 -0.0121111 -0.00324164 -0.000118961 0 0 -1.5149e-06 -0.00417218 -0.00597378 -0.00141183 -0.00173331 -0.000842378 -0.00148766 -0.00232445 -0.000529951 -6.28141e-05 0 0 0 0 0 0 0 0 0 0 0 0 0 
0 0 0 0 0 0 0 0 0 0 0 0 -0.000118666 -0.000207392 0 -0.00468305 -0.0015858 -0.000572456 -0.000888569 -0.000753011 -0.00119863 -0.000247293 -0.00971904 -0.0034193 -0.012286 -0.0160739 -0.0518606 -0.0796832 -0.0676807 -0.0141527 -0.00641549 -0.0264806 -0.0572686 -0.048434 -0.0645045 -0.0270381 -0.0084445 -0.00502463 -0.00257486 -0.0191351 -0.0132385 -0.0164898 -0.00519871 -0.000125094 -0.00080914 -3.03675e-05 -0.000583628 -0.00330679 -0.0206123 -0.011435 -0.000377889 -0.000611544 -0.00156146 -0.00196322 0 0 0 0 0 0 0 0 0 0 0 0 0 0 0 
0 0 0 0 0 0 0 0 0 0 0 0 -0.00060805 -0.000606054 -8.16909e-05 -0.000973926 -0.00107473 -0.00258835 -0.00411027 -0.00849067 -0.0040264 -0.00869992 -0.0181413 -0.0247222 -0.0101853 -0.0275853 -0.024718 -0.075536 -0.0649353 -0.0167881 -0.0158015 -0.045 -0.0641715 -0.0647742 -0.0435605 -0.0279797 -0.0033168 -0.00282412 -0.00184861 -0.00606988 -0.00692296 -0.00374939 -0.00623085 -0.0070268 -0.0150664 -0.00981477 -0.0013821 -0.00536572 -0.034389 -0.00491781 0 0 -3.29719e-05 -0.000125661 0 0 0 0 0 0 0 0 0 0 0 0 0 0 0 
0 0 0 0 0 0 0 0 0 0 0 0 -3.66147e-05 -0.00272068 -0.0128817 -0.0189149 -0.0166034 -0.0218715 -0.0209212 -0.0170047 -0.00632212 -0.00428427 -0.00889012 -0.0186776 -0.0038453 -0.0141197 -0.0125364 -0.0221146 -0.0375699 -0.0273891 -0.0474128 -0.0468688 -0.0592326 -0.0337705 -0.029843 -0.016926 -0.0103102 -0.0135607 -0.00653636 -0.00318907 -0.000204425 -0.00298648 -0.014513 -0.00928443 -0.00437827 -0.0141293 -0.00942739 -0.00478904 -0.00374851 -1.02854e-05 0 0 0 0 0 0 0 0 0 0 0 0 0 0 0 0 0 0 0 
0 0 0 0 0 0 0 0 0 0 0 0 -0.000111284 -0.00805591 -0.0355366 -0.0322635 -0.0182385 -0.0114393 -0.013405 -0.0155524 -0.0038569 -0.000444113 -0.00215249 -0.00622635 -0.00133497 -0.00188373 -0.00909697 -0.0327338 -0.0326253 -0.0650113 -0.0652062 -0.027354 -0.0502419 -0.0441125 -0.0344138 -0.0266941 -0.0198458 -0.0068544 -0.00338261 -0.00228506 -0.00815861 -0.00113524 -0.0119687 -0.0360432 -0.0541771 -0.00924685 -0.0101921 -0.0137637 -0.00983708 -0.00249502 -0.00237702 -0.00903438 -0.00247968 0 0 0 0 0 0 0 0 0 0 0 0 0 0 0 0 
0 0 0 0 0 0 0 0 0 0 0 0 -0.000139675 -0.00182712 -0.0140956 -0.0225716 -0.0140947 -0.0063385 -0.00778129 -0.00887521 -0.00887152 -0.000381081 -0.00111231 -0.00286629 -0.0144047 -0.027854 -0.0310051 -0.0623133 -0.0639462 -0.0614139 -0.0372566 -0.0425018 -0.0481268 -0.0298467 -0.0126061 -0.036201 -0.0360274 -0.00359435 -0.010535 -0.0124938 -0.0100666 -0.00311651 -0.0115076 -0.0321622 -0.0950191 -0.0191072 -0.0182855 -0.017931 -0.000639117 -0.0134526 -0.0130288 -0.0251698 -0.0146479 -0.00349971 -8.04395e-05 0 0 0 0 0 0 0 0 0 0 0 0 0 0 
0 0 0 0 0 0 0 0 0 0 0 0 0 -0.000341561 -0.000866833 -0.000294998 -0.00236459 -0.0089967 -0.00567184 -0.0105113 -0.0161439 -0.00166045 -0.00497336 -0.0187142 -0.0435502 -0.0366047 -0.0362061 -0.0731383 -0.0758641 -0.0752234 -0.0306977 -0.0587545 -0.0883311 -0.0517469 -0.0217833 -0.0224866 -0.037615 -0.032789 -0.0366844 -0.0332222 -0.0236194 -0.0164215 -0.00642336 -0.00876332 -0.0191177 -0.00934293 -0.0149684 -0.0194144 -0.0111305 -0.00708963 -0.00894549 -0.0118163 -0.00495836 -0.00514889 -0.000159239 0 0 0 0 0 0 0 0 0 0 0 0 0 0 
0 0 0 0 0 0 0 0 0 0 0 0 -2.41379e-05 -0.000550621 -0.000976462 -0.000231207 -0.00303406 -0.0045326 -0.0101277 -0.00568343 -0.00221686 -0.000395055 -0.00167837 -0.0248762 -0.0296241 -0.0121847 -0.0209811 -0.0328684 -0.0373223 -0.0464273 -0.0741638 -0.0696023 -0.0822294 -0.0513946 -0.0277518 -0.0280796 -0.0254328 -0.0282972 -0.0211418 -0.0120273 -0.0240213 -0.00536048 -0.00384961 -0.0103468 -0.00797928 -0.0134918 -0.0336273 -0.0272269 -0.00339503 -0.00229218 -0.00850387 -0.00863357 -0.00239876 -0.00243469 -0.000172552 0 0 0 0 0 0 0 0 0 0 0 0 0 0 
0 0 0 0 0 0 0 0 0 0 0 0 -0.00039116 -0.00074304 -0.00622789 -0.00358923 -0.00902079 -0.00244258 -0.000305816 -0.00124363 -0.00359284 -0.000419518 -0.00188131 -0.0185726 -0.058145 -0.0680797 -0.0550488 -0.0291204 -0.0204692 -0.0304328 -0.0679587 -0.103829 -0.126262 -0.0539707 -0.0226472 -0.0132711 -0.0195038 -0.00877371 -0.0118645 -0.0110291 -0.00744036 -0.0175757 -0.00432362 -0.0122215 -0.0268495 -0.0187007 -0.00975686 -0.00401904 -0.00248361 -9.61425e-05 -0.000556107 -0.000604999 -0.000521777 -0.0055921 -0.00939011 0 0 0 0 0 0 0 0 0 0 0 0 0 0 
0 0 0 0 0 0 0 0 0 0 0 0 -0.000245533 -0.00121552 -0.00569946 -0.0107963 -0.00681052 -0.00556643 -0.000694346 -0.00172956 -0.00394679 -0.00482391 -0.00648528 -0.00336827 -0.0210287 -0.0249499 -0.0162629 -0.0146411 -0.0179418 -0.0221943 -0.0558522 -0.108551 -0.0753531 -0.0675521 -0.0302116 -0.0125182 -0.00765529 -0.0012123 -0.00595332 -0.00371428 -0.00980459 -0.0308948 -0.00483266 -0.00583977 -0.0342929 -0.0296824 -0.00232683 -0.00178516 -0.00172359 -0.00203091 -0.00281836 -0.00200218 -0.00195602 -0.000757928 -0.00766803 -0.00378188 -7.22149e-05 0 0 0 0 0 0 0 0 0 0 0 0 
0 0 0 0 0 0 0 0 0 0 0 0 -0.0034347 -0.00205457 -0.00118198 -0.0157949 -0.0190804 -0.00661383 -0.00251877 -0.00515845 -0.0251404 -0.0331679 -0.0168744 -0.00624931 -0.0174634 -0.0182332 -0.0286755 -0.0308836 -0.0112934 -0.0221601 -0.0245385 -0.020338 -0.00837413 -0.0341739 -0.0250739 -0.0192272 -0.0107545 -0.0146045 -0.0171336 -0.0155041 -0.0200388 -0.0336449 -0.00714149 -0.00126213 -0.000352837 -0.000893417 -0.00066334 -0.00388445 -0.00152934 -0.00184882 -0.00987036 -0.0109248 -0.00355917 -0.000597425 -0.00439835 -0.0174223 -0.00583291 0 0 0 0 0 0 0 0 0 0 0 0 
0 0 0 0 0 0 0 0 0 0 0 0 -0.00172843 -0.00165462 -0.00181053 -0.0100363 -0.0181732 -0.00954977 -0.00274994 -0.00673113 -0.0241363 -0.0377397 -0.00047294 -0.00112338 -0.00290583 -0.0113495 -0.017162 -0.0250427 -0.0126403 -0.0180774 -0.0135905 -0.0270085 -0.0128999 -0.00672478 -0.0003503 -0.0104527 -0.030198 -0.0235206 -0.0113778 -0.01011 -0.0118242 -0.0079538 -0.00280465 -0.00772921 -0.00209233 -0.00192898 -0.00467412 -0.00285436 -0.00380256 -0.0166317 -0.0359037 -0.0278633 -0.00506085 -0.00182688 -0.00575064 -0.00399135 -0.00462026 -0.000702922 0 0 0 0 0 0 0 0 0 0 0 
0 0 0 0 0 0 0 0 0 0 0 0 -0.00195212 -0.00118005 -0.00624292 -0.00125159 -0.00560774 -0.0136377 -0.0044573 -0.00189079 -0.0126316 -0.013358 -0.000288393 -0.00355282 -0.0132269 -0.00108 -0.000268467 -0.00532376 -0.0132703 -0.0128824 -0.0079678 -0.00841883 -0.01238 -0.00710759 -0.0130332 -0.00653822 -0.0180811 -0.00827919 -0.000285231 -0.00150382 -0.00204825 -0.00423844 -0.0126162 -0.00657712 -0.0103184 -0.00483034 -0.00759631 -0.00818638 -0.0104588 -0.0345035 -0.0536297 -0.0412217 -0.00951224 -0.00245637 -0.00444391 -0.00168967 -0.00525959 -0.00152749 0 0 0 0 0 0 0 0 0 0 0 
0 0 0 0 0 0 0 0 0 0 0 -0.000699024 -0.0100259 -0.00275406 -0.00394921 -0.00324765 -0.00237073 -0.0016997 -0.00855358 -0.00380895 -0.000897461 -0.0130711 -0.0280885 -0.00503077 -0.000888284 -0.00330554 -0.00377473 -0.00379261 -0.0203425 -0.0118305 -0.00961275 -0.0160527 -0.00592967 -0.00551901 -0.00632148 -0.0144726 -0.0097938 -0.00147905 -4.93967e-05 -0.000787097 -0.000730605 -0.00703902 -0.00745257 -0.0136471 -0.00851723 -0.00126373 -0.00186321 -0.00870604 -0.0150343 -0.0103338 -0.0191759 -0.00632378 -0.000250658 -0.000939938 -0.000721661 -0.00186185 -0.00772434 -0.000591455 0 0 0 0 0 0 0 0 0 0 0 
0 0 0 0 0 0 0 0 0 0 0 -8.93349e-05 -0.00308995 -0.00979944 -0.00894329 -0.00916921 -0.00248883 -0.0109539 -0.00379514 -0.0153945 -0.0103117 -0.0424927 -0.0585081 -0.0034835 -0.00512643 -0.00594115 -0.00776087 -0.00307063 -0.0122692 -0.0192307 -0.00932344 -0.0118925 -0.0129736 -0.00979943 -0.00203493 -0.0110413 -0.000984557 -0.000909411 -0.00101096 -0.00446761 -0.00115903 -0.00117709 -0.00692085 -0.0200054 -0.00996074 -0.0053234 -0.00319446 -0.0138151 -0.00545343 -0.0102698 -0.00386424 -0.00524531 -0.00278439 -0.000698625 -0.00114427 -0.00250281 -0.0041786 -0.000268023 0 0 0 0 0 0 0 0 0 0 0 
0 0 0 0 0 0 0 0 0 0 0 0 0 -0.00113794 -0.000681803 -0.00231396 -0.00341924 -0.0106441 -0.00309396 -0.00308538 -0.00775846 -0.0197913 -0.0185419 -0.00814276 -0.0067014 -0.00322054 -0.00225736 -0.0145191 -0.0110357 -0.00305266 -0.013819 -0.0141846 -0.0215356 -0.0117005 -0.0150318 -0.00696784 -0.00141835 -0.00509187 -0.00734519 -0.00517099 -0.000894537 -0.00489925 -0.0196627 -0.00901767 -0.00161655 -0.0014131 -0.000564492 -0.00809522 -0.0040878 -0.0154701 -0.0091417 -0.000673557 -0.00418685 -0.000463396 -0.000365999 -0.00705235 -0.000940041 0 0 0 0 0 0 0 0 0 0 0 0 
0 0 0 0 0 0 0 0 0 0 0 0 0 -0.000100127 -0.00269196 -0.00660935 -0.00416335 -0.000659757 -0.000543966 -0.00116955 -0.00390104 -5.70888e-05 -0.00277603 -0.0176326 -0.00512777 -0.00347177 -0.000189935 -0.0114854 -0.0150161 -0.00575001 -0.00988165 -0.0175831 -0.0160055 -0.00596186 -0.0117375 -0.00372523 -0.00641289 -0.00684109 -0.00221582 -0.00233774 -0.00104047 -0.000780543 -0.00239478 -0.00160838 -0.00207021 -0.000959011 -0.000402992 -0.00786782 -0.00338047 -0.0143131 -0.00543769 -0.000576747 -0.00339703 -0.00294236 -0.00987866 -0.0113958 -0.000311185 0 0 0 0 0 0 0 0 0 0 0 0 
0 0 0 0 0 0 0 0 0 0 0 0 -3.84266e-05 -0.00234666 -0.00772706 -0.00191981 -0.00491979 -0.00435305 -0.00791512 -0.00223413 -3.00182e-05 -0.000260825 -0.00312845 -0.00336511 -0.00132148 -0.000304439 -0.000341791 -0.0177756 -0.00578045 -0.0118606 -0.0442511 -0.0334182 -0.0232782 -0.0159819 -0.015427 -0.0139263 -0.015322 -0.00399762 -0.00067072 -0.000768176 -0.000948435 -0.00357897 -0.00122849 -0.00121397 -0.00599179 -0.000346456 -0.000738487 -0.00198952 -0.0117487 -0.0197243 -0.0109526 -0.000270385 -0.00328338 -0.00646318 -0.0289984 -0.0103416 0 0 0 0 0 0 0 0 0 0 0 0 0 
0 0 0 0 0 0 0 0 0 0 0 0 -3.17276e-05 -0.00201299 -0.00962047 -0.00394537 -0.0260464 -0.00936093 -0.00464396 -0.000993132 -0.000400012 -0.000645729 -0.00142607 -0.00233474 -0.00108468 0 -0.00663486 -0.0103097 -0.00949451 -0.00922971 -0.0248251 -0.0201592 -0.013378 -0.01492 -0.0233843 -0.00442753 -0.00624077 -0.000279629 -0.00171442 -0.00295182 -0.00180881 -0.00113128 -0.000674283 -0.000358457 -0.000642058 -0.000246841 -0.00120571 -0.00389513 -0.0102128 -0.0135186 -0.0121382 -0.000954647 -0.0116068 -0.026006 -0.00712337 -0.000303439 0 0 0 0 0 0 0 0 0 0 0 0 0 
0 0 0 0 0 0 0 0 0 0 0 0 0 -5.29249e-05 -0.000865459 -0.000903945 -0.00533446 -0.00272226 -0.00749922 -0.00169016 -0.0012979 -0.00164157 -0.000848804 -0.00137369 -0.00151481 -0.00322589 -0.00657545 -0.00971811 -0.0149598 -0.00722051 -0.00634079 -0.0179802 -0.0183501 -0.0995687 -0.109943 -0.0128844 -0.0136444 -0.00139986 -0.00171619 -0.00794863 -0.00162478 -0.00130944 -0.0109808 -0.00103588 -0.00123157 -0.00130735 -0.000804042 -0.00052327 -0.00261388 -0.00610001 -0.000886621 -0.000841771 -0.00150923 -0.00856241 -0.00164678 -1.46329e-05 0 0 0 0 0 0 0 0 0 0 0 0 0 
0 0 0 0 0 0 0 0 0 0 0 0 -0.000115341 -0.000451975 -0.0086304 -0.0113272 -0.00597485 -0.022501 -0.0189054 -0.00540817 -0.00850348 -0.0181726 -0.018443 -0.00216025 -0.0064982 -0.00810257 -0.00293257 -0.00157088 -0.0171882 -0.0125381 -0.00461145 -0.015768 -0.0220176 -0.0892261 -0.144338 -0.0274262 -0.0190999 -0.00097723 -2.08216e-05 -0.0015942 -0.00424377 -0.00611215 -0.0445226 -0.0690291 -0.00960939 -0.000428627 -0.000526703 -0.00114652 -0.00179237 -0.00126087 -0.000575618 -0.00055237 -0.00114462 -0.00223586 -0.00140786 -0.000335025 0 0 0 0 0 0 0 0 0 0 0 0 0 
0 0 0 0 0 0 0 0 0 0 0 0 -0.00768697 -0.0221352 -0.0558412 -0.0313993 -0.0188555 -0.0177868 -0.00299078 -0.00775326 -0.00901226 -0.00727679 -0.0141844 -0.0100983 -0.00304098 -0.00603702 -0.00501765 -0.0132562 -0.0448408 -0.0226191 -0.0130105 -0.00912672 -0.0111889 -0.0228679 -0.0139301 -0.00834093 -0.0171125 -0.00098571 -0.00112903 -0.000997748 -0.00843671 -0.00854336 -0.0290052 -0.070758 -0.0155482 -0.00306979 -0.00269926 -0.00197615 -0.00119215 -0.00082907 -0.00110639 -0.000211643 -0.0012471 -0.000366838 -0.00045306 -0.00016454 0 0 0 0 0 0 0 0 0 0 0 0 0 
0 0 0 0 0 0 0 0 0 0 0 0 -0.0237764 -0.0676543 -0.0374193 -0.0243174 -0.0167163 -0.0167673 -0.00963737 -0.0167363 -0.00789231 -0.00019193 -0.000763114 -0.0123645 -0.0140889 -0.0111505 -0.0292534 -0.0246927 -0.0326203 -0.0057093 -0.0283701 -0.026456 -0.0178037 -0.023097 -0.00326011 -0.019355 -0.0105333 -0.000522659 -0.00728097 -0.00345198 -0.000807675 -0.00451208 -0.00726967 -0.0300862 -0.00958549 -0.00250322 -0.00149613 -0.00101071 -0.00138188 -0.00124123 -0.000210993 -0.00267298 -0.00281046 -2.43745e-05 -0.000424054 -1.21965e-05 0 0 0 0 0 0 0 0 0 0 0 0 0 
0 0 0 0 0 0 0 0 0 0 0 0 -0.00468748 -0.0575606 -0.0485565 -0.0435398 -0.0173915 -0.0158916 -0.0411528 -0.0367694 -0.0182685 -0.000189173 0 -0.000717797 -0.00959301 -0.0218983 -0.0215726 -0.0232322 -0.0178705 -0.00302185 -0.0143163 -0.0396548 -0.0489643 -0.0153584 -0.0325254 -0.0210513 -0.00118489 -0.000832959 -0.00367758 -0.000532872 -0.000145739 -0.00436944 -0.00115407 -0.00083971 -0.000933738 -0.000138382 -0.00116431 -0.000274596 -0.000209225 -0.000347228 -0.00211563 -0.00137538 -0.0013872 -0.00362912 0 0 0 0 0 0 0 0 0 0 0 0 0 0 0 
0 0 0 0 0 0 0 0 0 0 0 0 -0.000393553 -0.0104405 -0.021881 -0.0216993 -0.0248999 -0.0317775 -0.0512916 -0.0746539 -0.0238039 0 0 0 -0.00055451 -0.00333691 -0.0086161 -0.00655736 -0.00318391 -0.0028552 -0.00375428 -0.00790934 -0.0295624 -0.0234747 -0.0175514 -0.00248387 -0.00342615 -0.00392175 -0.00720612 -0.00141422 -0.00287346 -0.00613198 -0.00501332 -0.000100895 -0.000802437 -1.39255e-05 -0.000124698 -0.000492741 0 -0.000320034 -0.00390609 -0.00182396 -0.000293836 -0.00153056 0 0 0 0 0 0 0 0 0 0 0 0 0 0 0 
0 0 0 0 0 0 0 0 0 0 0 0 0 0 0 -0.000431662 -0.00531881 -0.0165074 -0.0209028 -0.020723 -0.00273799 0 0 0 0 -4.76707e-05 -0.000280517 -0.0147142 -0.00230105 -0.00255476 -0.00325706 -0.00228418 -0.00337217 -0.00392518 -0.000553121 -0.000314399 -0.00224318 -0.00151977 -0.00161033 -0.00277036 -0.00374496 -0.00123227 -0.00197327 0 0 -5.61453e-05 -1.48339e-05 -0.000317339 -0.000702224 -0.000126877 -0.000707393 -0.000360688 0 0 0 0 0 0 0 0 0 0 0 0 0 0 0 0 0 
0 0 0 0 0 0 0 0 0 0 0 0 0 0 0 0 0 0 -0.000537918 -0.000128832 0 0 0 0 0 -0.000260482 -0.00331086 -0.0234779 -0.000273935 0 -0.00179492 -0.00366655 -0.00492698 -0.00300585 -0.00160881 -0.00471388 -0.00188732 -0.000242961 -0.00536923 -0.00122988 0 -5.04678e-05 -6.86784e-05 -5.99275e-05 -0.002479 -0.00193668 -0.000152602 -0.000931719 -0.000470828 -0.00667251 -0.000880406 0 0 0 0 0 0 0 0 0 0 0 0 0 0 0 0 0 0 
0 0 0 0 0 0 0 0 0 0 0 0 0 0 0 0 0 0 0 0 0 0 0 0 0 0 -0.000718717 -0.00332358 -7.58901e-05 0 0 0 0 0 -0.00180616 -0.00279907 -0.000513867 -0.000679337 -0.000121679 -0.000497361 0 0 0 -4.07254e-05 -0.00160172 -0.0012775 -0.000432699 -0.0016265 -0.00069107 -0.0016708 -0.000193263 0 0 0 0 0 0 0 0 0 0 0 0 0 0 0 0 0 0 
0 0 0 0 0 0 0 0 0 0 0 0 0 0 0 0 0 0 0 0 0 0 0 0 0 0 0 0 0 0 0 0 0 0 0 0 -5.01954e-06 -5.96286e-05 0 0 0 0 -0.00369574 -0.00427122 -0.000347759 -0.0011166 -0.00286493 -0.00518948 -0.000172717 0 0 0 0 0 0 0 0 0 0 0 0 0 0 0 0 0 0 0 0 
0 0 0 0 0 0 0 0 0 0 0 0 0 0 0 0 0 0 0 0 0 0 0 0 0 0 0 0 0 0 0 0 0 0 0 0 0 0 0 0 0 -0.000299432 -0.0027166 -0.00226565 -0.000964309 -0.000508989 -0.00400522 -6.74652e-05 0 0 0 0 0 0 0 0 0 0 0 0 0 0 0 0 0 0 0 0 0 
0 0 0 0 0 0 0 0 0 0 0 0 0 0 0 0 0 0 0 0 0 0 0 0 0 0 0 0 0 0 0 0 0 0 0 0 0 0 0 0 0 -0.000335573 -8.78126e-05 -0.000142645 -0.00089323 -0.00855588 -0.000632377 0 0 0 0 0 0 0 0 0 0 0 0 0 0 0 0 0 0 0 0 0 0 
0 0 0 0 0 0 0 0 0 0 0 0 0 0 0 0 0 0 0 0 0 0 0 0 0 0 0 0 0 0 0 0 0 0 0 0 0 0 -0.000378538 -0.00124804 0 0 0 -0.000108973 -0.000455276 -0.00361405 -0.00010046 0 0 0 0 0 0 0 0 0 0 0 0 0 0 0 0 0 0 0 0 0 0 
0 0 0 0 0 0 0 0 0 0 0 0 0 0 0 0 0 0 0 0 0 0 0 0 0 0 0 0 0 0 0 0 0 0 0 0 0 0 -0.00189428 -0.0133346 0 0 0 0 0 0 0 0 0 0 0 0 0 0 0 0 0 0 0 0 0 0 0 0 0 0 0 0 0 
0 0 0 0 0 0 0 0 0 0 0 0 0 0 0 0 0 0 0 0 0 0 0 0 0 0 0 0 0 0 0 0 0 0 0 0 0 0 -0.000424468 -0.00995991 0 0 0 0 0 0 0 0 0 0 0 0 0 0 0 0 0 0 0 0 0 0 0 0 0 0 0 0 0 
0 0 0 0 0 0 0 0 0 0 0 0 0 0 0 0 0 0 0 0 0 0 0 0 0 0 0 0 0 0 0 0 0 0 0 0 0 0 0 0 0 0 0 0 0 0 0 0 0 0 0 0 0 0 0 0 0 0 0 0 0 0 0 0 0 0 0 0 0 
0 0 0 0 0 0 0 0 0 0 0 0 0 0 0 0 0 0 0 0 0 0 0 0 0 0 0 0 0 0 0 0 0 0 0 0 0 0 0 0 0 0 0 0 0 0 0 0 0 0 0 0 0 0 0 0 0 0 0 0 0 0 0 0 0 0 0 0 0 
0 0 0 0 0 0 0 0 0 0 0 0 0 0 0 0 0 0 0 0 0 0 0 0 0 0 0 0 0 0 0 0 0 0 0 0 0 0 0 0 0 0 0 0 0 0 0 0 0 0 0 0 0 0 0 0 0 0 0 0 0 0 0 0 0 0 0 0 0 
0 0 0 0 0 0 0 0 0 0 0 0 0 0 0 0 0 0 0 0 0 0 0 0 0 0 0 0 0 0 0 0 0 0 0 0 0 0 0 0 0 0 0 0 0 0 0 0 0 0 0 0 0 0 0 0 0 0 0 0 0 0 0 0 0 0 0 0 0 
0 0 0 0 0 0 0 0 0 0 0 0 0 0 0 0 0 0 0 0 0 0 0 0 0 0 0 0 0 0 0 0 0 0 0 0 0 0 0 0 0 0 0 0 0 0 0 0 0 0 0 0 0 0 0 0 0 0 0 0 0 0 0 0 0 0 0 0 0 
0 0 0 0 0 0 0 0 0 0 0 0 0 0 0 0 0 0 0 0 0 0 0 0 0 0 0 0 0 0 0 0 0 0 0 0 0 0 0 0 0 0 0 0 0 0 0 0 0 0 0 0 0 0 0 0 0 0 0 0 0 0 0 0 0 0 0 0 0 
0 0 0 0 0 0 0 0 0 0 0 0 0 0 0 0 0 0 0 0 0 0 0 0 0 0 0 0 0 0 0 0 0 0 0 0 0 0 0 0 0 0 0 0 0 0 0 0 0 0 0 0 0 0 0 0 0 0 0 0 0 0 0 0 0 0 0 0 0 
0 0 0 0 0 0 0 0 0 0 0 0 0 0 0 0 0 0 0 0 0 0 0 0 0 0 0 0 0 0 0 0 0 0 0 0 0 0 0 0 0 0 0 0 0 0 0 0 0 0 0 0 0 0 0 0 0 0 0 0 0 0 0 0 0 0 0 0 0 
0 0 0 0 0 0 0 0 0 0 0 0 0 0 0 0 0 0 0 0 0 0 0 0 0 0 0 0 0 0 0 0 0 0 0 0 0 0 0 0 0 0 0 0 0 0 0 0 0 0 0 0 0 0 0 0 0 0 0 0 0 0 0 0 0 0 0 0 0 

